0.01 0.02 0.03 0.04 0.05 0.06 0.07 0.08 0.09 0.10 0.11 0.34
0.01 0.02 0.03 0.04 0.05 0.06 0.07 0.08 0.09 0.10 0.12 0.33
0.01 0.02 0.03 0.04 0.05 0.06 0.07 0.08 0.09 0.10 0.13 0.32
0.01 0.02 0.03 0.04 0.05 0.06 0.07 0.08 0.09 0.10 0.14 0.31
0.01 0.02 0.03 0.04 0.05 0.06 0.07 0.08 0.09 0.10 0.15 0.30
0.01 0.02 0.03 0.04 0.05 0.06 0.07 0.08 0.09 0.10 0.16 0.29
0.01 0.02 0.03 0.04 0.05 0.06 0.07 0.08 0.09 0.10 0.17 0.28
0.01 0.02 0.03 0.04 0.05 0.06 0.07 0.08 0.09 0.10 0.18 0.27
0.01 0.02 0.03 0.04 0.05 0.06 0.07 0.08 0.09 0.10 0.19 0.26
0.01 0.02 0.03 0.04 0.05 0.06 0.07 0.08 0.09 0.10 0.20 0.25
0.01 0.02 0.03 0.04 0.05 0.06 0.07 0.08 0.09 0.10 0.21 0.24
0.01 0.02 0.03 0.04 0.05 0.06 0.07 0.08 0.09 0.10 0.22 0.23
0.01 0.02 0.03 0.04 0.05 0.06 0.07 0.08 0.09 0.11 0.12 0.32
0.01 0.02 0.03 0.04 0.05 0.06 0.07 0.08 0.09 0.11 0.13 0.31
0.01 0.02 0.03 0.04 0.05 0.06 0.07 0.08 0.09 0.11 0.14 0.30
0.01 0.02 0.03 0.04 0.05 0.06 0.07 0.08 0.09 0.11 0.15 0.29
0.01 0.02 0.03 0.04 0.05 0.06 0.07 0.08 0.09 0.11 0.16 0.28
0.01 0.02 0.03 0.04 0.05 0.06 0.07 0.08 0.09 0.11 0.17 0.27
0.01 0.02 0.03 0.04 0.05 0.06 0.07 0.08 0.09 0.11 0.18 0.26
0.01 0.02 0.03 0.04 0.05 0.06 0.07 0.08 0.09 0.11 0.19 0.25
0.01 0.02 0.03 0.04 0.05 0.06 0.07 0.08 0.09 0.11 0.20 0.24
0.01 0.02 0.03 0.04 0.05 0.06 0.07 0.08 0.09 0.11 0.21 0.23
0.01 0.02 0.03 0.04 0.05 0.06 0.07 0.08 0.09 0.12 0.13 0.30
0.01 0.02 0.03 0.04 0.05 0.06 0.07 0.08 0.09 0.12 0.14 0.29
0.01 0.02 0.03 0.04 0.05 0.06 0.07 0.08 0.09 0.12 0.15 0.28
0.01 0.02 0.03 0.04 0.05 0.06 0.07 0.08 0.09 0.12 0.16 0.27
0.01 0.02 0.03 0.04 0.05 0.06 0.07 0.08 0.09 0.12 0.17 0.26
0.01 0.02 0.03 0.04 0.05 0.06 0.07 0.08 0.09 0.12 0.18 0.25
0.01 0.02 0.03 0.04 0.05 0.06 0.07 0.08 0.09 0.12 0.19 0.24
0.01 0.02 0.03 0.04 0.05 0.06 0.07 0.08 0.09 0.12 0.20 0.23
0.01 0.02 0.03 0.04 0.05 0.06 0.07 0.08 0.09 0.12 0.21 0.22
0.01 0.02 0.03 0.04 0.05 0.06 0.07 0.08 0.09 0.13 0.14 0.28
0.01 0.02 0.03 0.04 0.05 0.06 0.07 0.08 0.09 0.13 0.15 0.27
0.01 0.02 0.03 0.04 0.05 0.06 0.07 0.08 0.09 0.13 0.16 0.26
0.01 0.02 0.03 0.04 0.05 0.06 0.07 0.08 0.09 0.13 0.17 0.25
0.01 0.02 0.03 0.04 0.05 0.06 0.07 0.08 0.09 0.13 0.18 0.24
0.01 0.02 0.03 0.04 0.05 0.06 0.07 0.08 0.09 0.13 0.19 0.23
0.01 0.02 0.03 0.04 0.05 0.06 0.07 0.08 0.09 0.13 0.20 0.22
0.01 0.02 0.03 0.04 0.05 0.06 0.07 0.08 0.09 0.14 0.15 0.26
0.01 0.02 0.03 0.04 0.05 0.06 0.07 0.08 0.09 0.14 0.16 0.25
0.01 0.02 0.03 0.04 0.05 0.06 0.07 0.08 0.09 0.14 0.17 0.24
0.01 0.02 0.03 0.04 0.05 0.06 0.07 0.08 0.09 0.14 0.18 0.23
0.01 0.02 0.03 0.04 0.05 0.06 0.07 0.08 0.09 0.14 0.19 0.22
0.01 0.02 0.03 0.04 0.05 0.06 0.07 0.08 0.09 0.14 0.20 0.21
0.01 0.02 0.03 0.04 0.05 0.06 0.07 0.08 0.09 0.15 0.16 0.24
0.01 0.02 0.03 0.04 0.05 0.06 0.07 0.08 0.09 0.15 0.17 0.23
0.01 0.02 0.03 0.04 0.05 0.06 0.07 0.08 0.09 0.15 0.18 0.22
0.01 0.02 0.03 0.04 0.05 0.06 0.07 0.08 0.09 0.15 0.19 0.21
0.01 0.02 0.03 0.04 0.05 0.06 0.07 0.08 0.09 0.16 0.17 0.22
0.01 0.02 0.03 0.04 0.05 0.06 0.07 0.08 0.09 0.16 0.18 0.21
0.01 0.02 0.03 0.04 0.05 0.06 0.07 0.08 0.09 0.16 0.19 0.20
0.01 0.02 0.03 0.04 0.05 0.06 0.07 0.08 0.09 0.17 0.18 0.20
0.01 0.02 0.03 0.04 0.05 0.06 0.07 0.08 0.10 0.11 0.12 0.31
0.01 0.02 0.03 0.04 0.05 0.06 0.07 0.08 0.10 0.11 0.13 0.30
0.01 0.02 0.03 0.04 0.05 0.06 0.07 0.08 0.10 0.11 0.14 0.29
0.01 0.02 0.03 0.04 0.05 0.06 0.07 0.08 0.10 0.11 0.15 0.28
0.01 0.02 0.03 0.04 0.05 0.06 0.07 0.08 0.10 0.11 0.16 0.27
0.01 0.02 0.03 0.04 0.05 0.06 0.07 0.08 0.10 0.11 0.17 0.26
0.01 0.02 0.03 0.04 0.05 0.06 0.07 0.08 0.10 0.11 0.18 0.25
0.01 0.02 0.03 0.04 0.05 0.06 0.07 0.08 0.10 0.11 0.19 0.24
0.01 0.02 0.03 0.04 0.05 0.06 0.07 0.08 0.10 0.11 0.20 0.23
0.01 0.02 0.03 0.04 0.05 0.06 0.07 0.08 0.10 0.11 0.21 0.22
0.01 0.02 0.03 0.04 0.05 0.06 0.07 0.08 0.10 0.12 0.13 0.29
0.01 0.02 0.03 0.04 0.05 0.06 0.07 0.08 0.10 0.12 0.14 0.28
0.01 0.02 0.03 0.04 0.05 0.06 0.07 0.08 0.10 0.12 0.15 0.27
0.01 0.02 0.03 0.04 0.05 0.06 0.07 0.08 0.10 0.12 0.16 0.26
0.01 0.02 0.03 0.04 0.05 0.06 0.07 0.08 0.10 0.12 0.17 0.25
0.01 0.02 0.03 0.04 0.05 0.06 0.07 0.08 0.10 0.12 0.18 0.24
0.01 0.02 0.03 0.04 0.05 0.06 0.07 0.08 0.10 0.12 0.19 0.23
0.01 0.02 0.03 0.04 0.05 0.06 0.07 0.08 0.10 0.12 0.20 0.22
0.01 0.02 0.03 0.04 0.05 0.06 0.07 0.08 0.10 0.13 0.14 0.27
0.01 0.02 0.03 0.04 0.05 0.06 0.07 0.08 0.10 0.13 0.15 0.26
0.01 0.02 0.03 0.04 0.05 0.06 0.07 0.08 0.10 0.13 0.16 0.25
0.01 0.02 0.03 0.04 0.05 0.06 0.07 0.08 0.10 0.13 0.17 0.24
0.01 0.02 0.03 0.04 0.05 0.06 0.07 0.08 0.10 0.13 0.18 0.23
0.01 0.02 0.03 0.04 0.05 0.06 0.07 0.08 0.10 0.13 0.19 0.22
0.01 0.02 0.03 0.04 0.05 0.06 0.07 0.08 0.10 0.13 0.20 0.21
0.01 0.02 0.03 0.04 0.05 0.06 0.07 0.08 0.10 0.14 0.15 0.25
0.01 0.02 0.03 0.04 0.05 0.06 0.07 0.08 0.10 0.14 0.16 0.24
0.01 0.02 0.03 0.04 0.05 0.06 0.07 0.08 0.10 0.14 0.17 0.23
0.01 0.02 0.03 0.04 0.05 0.06 0.07 0.08 0.10 0.14 0.18 0.22
0.01 0.02 0.03 0.04 0.05 0.06 0.07 0.08 0.10 0.14 0.19 0.21
0.01 0.02 0.03 0.04 0.05 0.06 0.07 0.08 0.10 0.15 0.16 0.23
0.01 0.02 0.03 0.04 0.05 0.06 0.07 0.08 0.10 0.15 0.17 0.22
0.01 0.02 0.03 0.04 0.05 0.06 0.07 0.08 0.10 0.15 0.18 0.21
0.01 0.02 0.03 0.04 0.05 0.06 0.07 0.08 0.10 0.15 0.19 0.20
0.01 0.02 0.03 0.04 0.05 0.06 0.07 0.08 0.10 0.16 0.17 0.21
0.01 0.02 0.03 0.04 0.05 0.06 0.07 0.08 0.10 0.16 0.18 0.20
0.01 0.02 0.03 0.04 0.05 0.06 0.07 0.08 0.10 0.17 0.18 0.19
0.01 0.02 0.03 0.04 0.05 0.06 0.07 0.08 0.11 0.12 0.13 0.28
0.01 0.02 0.03 0.04 0.05 0.06 0.07 0.08 0.11 0.12 0.14 0.27
0.01 0.02 0.03 0.04 0.05 0.06 0.07 0.08 0.11 0.12 0.15 0.26
0.01 0.02 0.03 0.04 0.05 0.06 0.07 0.08 0.11 0.12 0.16 0.25
0.01 0.02 0.03 0.04 0.05 0.06 0.07 0.08 0.11 0.12 0.17 0.24
0.01 0.02 0.03 0.04 0.05 0.06 0.07 0.08 0.11 0.12 0.18 0.23
0.01 0.02 0.03 0.04 0.05 0.06 0.07 0.08 0.11 0.12 0.19 0.22
0.01 0.02 0.03 0.04 0.05 0.06 0.07 0.08 0.11 0.12 0.20 0.21
0.01 0.02 0.03 0.04 0.05 0.06 0.07 0.08 0.11 0.13 0.14 0.26
0.01 0.02 0.03 0.04 0.05 0.06 0.07 0.08 0.11 0.13 0.15 0.25
0.01 0.02 0.03 0.04 0.05 0.06 0.07 0.08 0.11 0.13 0.16 0.24
0.01 0.02 0.03 0.04 0.05 0.06 0.07 0.08 0.11 0.13 0.17 0.23
0.01 0.02 0.03 0.04 0.05 0.06 0.07 0.08 0.11 0.13 0.18 0.22
0.01 0.02 0.03 0.04 0.05 0.06 0.07 0.08 0.11 0.13 0.19 0.21
0.01 0.02 0.03 0.04 0.05 0.06 0.07 0.08 0.11 0.14 0.15 0.24
0.01 0.02 0.03 0.04 0.05 0.06 0.07 0.08 0.11 0.14 0.16 0.23
0.01 0.02 0.03 0.04 0.05 0.06 0.07 0.08 0.11 0.14 0.17 0.22
0.01 0.02 0.03 0.04 0.05 0.06 0.07 0.08 0.11 0.14 0.18 0.21
0.01 0.02 0.03 0.04 0.05 0.06 0.07 0.08 0.11 0.14 0.19 0.20
0.01 0.02 0.03 0.04 0.05 0.06 0.07 0.08 0.11 0.15 0.16 0.22
0.01 0.02 0.03 0.04 0.05 0.06 0.07 0.08 0.11 0.15 0.17 0.21
0.01 0.02 0.03 0.04 0.05 0.06 0.07 0.08 0.11 0.15 0.18 0.20
0.01 0.02 0.03 0.04 0.05 0.06 0.07 0.08 0.11 0.16 0.17 0.20
0.01 0.02 0.03 0.04 0.05 0.06 0.07 0.08 0.11 0.16 0.18 0.19
0.01 0.02 0.03 0.04 0.05 0.06 0.07 0.08 0.12 0.13 0.14 0.25
0.01 0.02 0.03 0.04 0.05 0.06 0.07 0.08 0.12 0.13 0.15 0.24
0.01 0.02 0.03 0.04 0.05 0.06 0.07 0.08 0.12 0.13 0.16 0.23
0.01 0.02 0.03 0.04 0.05 0.06 0.07 0.08 0.12 0.13 0.17 0.22
0.01 0.02 0.03 0.04 0.05 0.06 0.07 0.08 0.12 0.13 0.18 0.21
0.01 0.02 0.03 0.04 0.05 0.06 0.07 0.08 0.12 0.13 0.19 0.20
0.01 0.02 0.03 0.04 0.05 0.06 0.07 0.08 0.12 0.14 0.15 0.23
0.01 0.02 0.03 0.04 0.05 0.06 0.07 0.08 0.12 0.14 0.16 0.22
0.01 0.02 0.03 0.04 0.05 0.06 0.07 0.08 0.12 0.14 0.17 0.21
0.01 0.02 0.03 0.04 0.05 0.06 0.07 0.08 0.12 0.14 0.18 0.20
0.01 0.02 0.03 0.04 0.05 0.06 0.07 0.08 0.12 0.15 0.16 0.21
0.01 0.02 0.03 0.04 0.05 0.06 0.07 0.08 0.12 0.15 0.17 0.20
0.01 0.02 0.03 0.04 0.05 0.06 0.07 0.08 0.12 0.15 0.18 0.19
0.01 0.02 0.03 0.04 0.05 0.06 0.07 0.08 0.12 0.16 0.17 0.19
0.01 0.02 0.03 0.04 0.05 0.06 0.07 0.08 0.13 0.14 0.15 0.22
0.01 0.02 0.03 0.04 0.05 0.06 0.07 0.08 0.13 0.14 0.16 0.21
0.01 0.02 0.03 0.04 0.05 0.06 0.07 0.08 0.13 0.14 0.17 0.20
0.01 0.02 0.03 0.04 0.05 0.06 0.07 0.08 0.13 0.14 0.18 0.19
0.01 0.02 0.03 0.04 0.05 0.06 0.07 0.08 0.13 0.15 0.16 0.20
0.01 0.02 0.03 0.04 0.05 0.06 0.07 0.08 0.13 0.15 0.17 0.19
0.01 0.02 0.03 0.04 0.05 0.06 0.07 0.08 0.13 0.16 0.17 0.18
0.01 0.02 0.03 0.04 0.05 0.06 0.07 0.08 0.14 0.15 0.16 0.19
0.01 0.02 0.03 0.04 0.05 0.06 0.07 0.08 0.14 0.15 0.17 0.18
0.01 0.02 0.03 0.04 0.05 0.06 0.07 0.09 0.10 0.11 0.12 0.30
0.01 0.02 0.03 0.04 0.05 0.06 0.07 0.09 0.10 0.11 0.13 0.29
0.01 0.02 0.03 0.04 0.05 0.06 0.07 0.09 0.10 0.11 0.14 0.28
0.01 0.02 0.03 0.04 0.05 0.06 0.07 0.09 0.10 0.11 0.15 0.27
0.01 0.02 0.03 0.04 0.05 0.06 0.07 0.09 0.10 0.11 0.16 0.26
0.01 0.02 0.03 0.04 0.05 0.06 0.07 0.09 0.10 0.11 0.17 0.25
0.01 0.02 0.03 0.04 0.05 0.06 0.07 0.09 0.10 0.11 0.18 0.24
0.01 0.02 0.03 0.04 0.05 0.06 0.07 0.09 0.10 0.11 0.19 0.23
0.01 0.02 0.03 0.04 0.05 0.06 0.07 0.09 0.10 0.11 0.20 0.22
0.01 0.02 0.03 0.04 0.05 0.06 0.07 0.09 0.10 0.12 0.13 0.28
0.01 0.02 0.03 0.04 0.05 0.06 0.07 0.09 0.10 0.12 0.14 0.27
0.01 0.02 0.03 0.04 0.05 0.06 0.07 0.09 0.10 0.12 0.15 0.26
0.01 0.02 0.03 0.04 0.05 0.06 0.07 0.09 0.10 0.12 0.16 0.25
0.01 0.02 0.03 0.04 0.05 0.06 0.07 0.09 0.10 0.12 0.17 0.24
0.01 0.02 0.03 0.04 0.05 0.06 0.07 0.09 0.10 0.12 0.18 0.23
0.01 0.02 0.03 0.04 0.05 0.06 0.07 0.09 0.10 0.12 0.19 0.22
0.01 0.02 0.03 0.04 0.05 0.06 0.07 0.09 0.10 0.12 0.20 0.21
0.01 0.02 0.03 0.04 0.05 0.06 0.07 0.09 0.10 0.13 0.14 0.26
0.01 0.02 0.03 0.04 0.05 0.06 0.07 0.09 0.10 0.13 0.15 0.25
0.01 0.02 0.03 0.04 0.05 0.06 0.07 0.09 0.10 0.13 0.16 0.24
0.01 0.02 0.03 0.04 0.05 0.06 0.07 0.09 0.10 0.13 0.17 0.23
0.01 0.02 0.03 0.04 0.05 0.06 0.07 0.09 0.10 0.13 0.18 0.22
0.01 0.02 0.03 0.04 0.05 0.06 0.07 0.09 0.10 0.13 0.19 0.21
0.01 0.02 0.03 0.04 0.05 0.06 0.07 0.09 0.10 0.14 0.15 0.24
0.01 0.02 0.03 0.04 0.05 0.06 0.07 0.09 0.10 0.14 0.16 0.23
0.01 0.02 0.03 0.04 0.05 0.06 0.07 0.09 0.10 0.14 0.17 0.22
0.01 0.02 0.03 0.04 0.05 0.06 0.07 0.09 0.10 0.14 0.18 0.21
0.01 0.02 0.03 0.04 0.05 0.06 0.07 0.09 0.10 0.14 0.19 0.20
0.01 0.02 0.03 0.04 0.05 0.06 0.07 0.09 0.10 0.15 0.16 0.22
0.01 0.02 0.03 0.04 0.05 0.06 0.07 0.09 0.10 0.15 0.17 0.21
0.01 0.02 0.03 0.04 0.05 0.06 0.07 0.09 0.10 0.15 0.18 0.20
0.01 0.02 0.03 0.04 0.05 0.06 0.07 0.09 0.10 0.16 0.17 0.20
0.01 0.02 0.03 0.04 0.05 0.06 0.07 0.09 0.10 0.16 0.18 0.19
0.01 0.02 0.03 0.04 0.05 0.06 0.07 0.09 0.11 0.12 0.13 0.27
0.01 0.02 0.03 0.04 0.05 0.06 0.07 0.09 0.11 0.12 0.14 0.26
0.01 0.02 0.03 0.04 0.05 0.06 0.07 0.09 0.11 0.12 0.15 0.25
0.01 0.02 0.03 0.04 0.05 0.06 0.07 0.09 0.11 0.12 0.16 0.24
0.01 0.02 0.03 0.04 0.05 0.06 0.07 0.09 0.11 0.12 0.17 0.23
0.01 0.02 0.03 0.04 0.05 0.06 0.07 0.09 0.11 0.12 0.18 0.22
0.01 0.02 0.03 0.04 0.05 0.06 0.07 0.09 0.11 0.12 0.19 0.21
0.01 0.02 0.03 0.04 0.05 0.06 0.07 0.09 0.11 0.13 0.14 0.25
0.01 0.02 0.03 0.04 0.05 0.06 0.07 0.09 0.11 0.13 0.15 0.24
0.01 0.02 0.03 0.04 0.05 0.06 0.07 0.09 0.11 0.13 0.16 0.23
0.01 0.02 0.03 0.04 0.05 0.06 0.07 0.09 0.11 0.13 0.17 0.22
0.01 0.02 0.03 0.04 0.05 0.06 0.07 0.09 0.11 0.13 0.18 0.21
0.01 0.02 0.03 0.04 0.05 0.06 0.07 0.09 0.11 0.13 0.19 0.20
0.01 0.02 0.03 0.04 0.05 0.06 0.07 0.09 0.11 0.14 0.15 0.23
0.01 0.02 0.03 0.04 0.05 0.06 0.07 0.09 0.11 0.14 0.16 0.22
0.01 0.02 0.03 0.04 0.05 0.06 0.07 0.09 0.11 0.14 0.17 0.21
0.01 0.02 0.03 0.04 0.05 0.06 0.07 0.09 0.11 0.14 0.18 0.20
0.01 0.02 0.03 0.04 0.05 0.06 0.07 0.09 0.11 0.15 0.16 0.21
0.01 0.02 0.03 0.04 0.05 0.06 0.07 0.09 0.11 0.15 0.17 0.20
0.01 0.02 0.03 0.04 0.05 0.06 0.07 0.09 0.11 0.15 0.18 0.19
0.01 0.02 0.03 0.04 0.05 0.06 0.07 0.09 0.11 0.16 0.17 0.19
0.01 0.02 0.03 0.04 0.05 0.06 0.07 0.09 0.12 0.13 0.14 0.24
0.01 0.02 0.03 0.04 0.05 0.06 0.07 0.09 0.12 0.13 0.15 0.23
0.01 0.02 0.03 0.04 0.05 0.06 0.07 0.09 0.12 0.13 0.16 0.22
0.01 0.02 0.03 0.04 0.05 0.06 0.07 0.09 0.12 0.13 0.17 0.21
0.01 0.02 0.03 0.04 0.05 0.06 0.07 0.09 0.12 0.13 0.18 0.20
0.01 0.02 0.03 0.04 0.05 0.06 0.07 0.09 0.12 0.14 0.15 0.22
0.01 0.02 0.03 0.04 0.05 0.06 0.07 0.09 0.12 0.14 0.16 0.21
0.01 0.02 0.03 0.04 0.05 0.06 0.07 0.09 0.12 0.14 0.17 0.20
0.01 0.02 0.03 0.04 0.05 0.06 0.07 0.09 0.12 0.14 0.18 0.19
0.01 0.02 0.03 0.04 0.05 0.06 0.07 0.09 0.12 0.15 0.16 0.20
0.01 0.02 0.03 0.04 0.05 0.06 0.07 0.09 0.12 0.15 0.17 0.19
0.01 0.02 0.03 0.04 0.05 0.06 0.07 0.09 0.12 0.16 0.17 0.18
0.01 0.02 0.03 0.04 0.05 0.06 0.07 0.09 0.13 0.14 0.15 0.21
0.01 0.02 0.03 0.04 0.05 0.06 0.07 0.09 0.13 0.14 0.16 0.20
0.01 0.02 0.03 0.04 0.05 0.06 0.07 0.09 0.13 0.14 0.17 0.19
0.01 0.02 0.03 0.04 0.05 0.06 0.07 0.09 0.13 0.15 0.16 0.19
0.01 0.02 0.03 0.04 0.05 0.06 0.07 0.09 0.13 0.15 0.17 0.18
0.01 0.02 0.03 0.04 0.05 0.06 0.07 0.09 0.14 0.15 0.16 0.18
0.01 0.02 0.03 0.04 0.05 0.06 0.07 0.10 0.11 0.12 0.13 0.26
0.01 0.02 0.03 0.04 0.05 0.06 0.07 0.10 0.11 0.12 0.14 0.25
0.01 0.02 0.03 0.04 0.05 0.06 0.07 0.10 0.11 0.12 0.15 0.24
0.01 0.02 0.03 0.04 0.05 0.06 0.07 0.10 0.11 0.12 0.16 0.23
0.01 0.02 0.03 0.04 0.05 0.06 0.07 0.10 0.11 0.12 0.17 0.22
0.01 0.02 0.03 0.04 0.05 0.06 0.07 0.10 0.11 0.12 0.18 0.21
0.01 0.02 0.03 0.04 0.05 0.06 0.07 0.10 0.11 0.12 0.19 0.20
0.01 0.02 0.03 0.04 0.05 0.06 0.07 0.10 0.11 0.13 0.14 0.24
0.01 0.02 0.03 0.04 0.05 0.06 0.07 0.10 0.11 0.13 0.15 0.23
0.01 0.02 0.03 0.04 0.05 0.06 0.07 0.10 0.11 0.13 0.16 0.22
0.01 0.02 0.03 0.04 0.05 0.06 0.07 0.10 0.11 0.13 0.17 0.21
0.01 0.02 0.03 0.04 0.05 0.06 0.07 0.10 0.11 0.13 0.18 0.20
0.01 0.02 0.03 0.04 0.05 0.06 0.07 0.10 0.11 0.14 0.15 0.22
0.01 0.02 0.03 0.04 0.05 0.06 0.07 0.10 0.11 0.14 0.16 0.21
0.01 0.02 0.03 0.04 0.05 0.06 0.07 0.10 0.11 0.14 0.17 0.20
0.01 0.02 0.03 0.04 0.05 0.06 0.07 0.10 0.11 0.14 0.18 0.19
0.01 0.02 0.03 0.04 0.05 0.06 0.07 0.10 0.11 0.15 0.16 0.20
0.01 0.02 0.03 0.04 0.05 0.06 0.07 0.10 0.11 0.15 0.17 0.19
0.01 0.02 0.03 0.04 0.05 0.06 0.07 0.10 0.11 0.16 0.17 0.18
0.01 0.02 0.03 0.04 0.05 0.06 0.07 0.10 0.12 0.13 0.14 0.23
0.01 0.02 0.03 0.04 0.05 0.06 0.07 0.10 0.12 0.13 0.15 0.22
0.01 0.02 0.03 0.04 0.05 0.06 0.07 0.10 0.12 0.13 0.16 0.21
0.01 0.02 0.03 0.04 0.05 0.06 0.07 0.10 0.12 0.13 0.17 0.20
0.01 0.02 0.03 0.04 0.05 0.06 0.07 0.10 0.12 0.13 0.18 0.19
0.01 0.02 0.03 0.04 0.05 0.06 0.07 0.10 0.12 0.14 0.15 0.21
0.01 0.02 0.03 0.04 0.05 0.06 0.07 0.10 0.12 0.14 0.16 0.20
0.01 0.02 0.03 0.04 0.05 0.06 0.07 0.10 0.12 0.14 0.17 0.19
0.01 0.02 0.03 0.04 0.05 0.06 0.07 0.10 0.12 0.15 0.16 0.19
0.01 0.02 0.03 0.04 0.05 0.06 0.07 0.10 0.12 0.15 0.17 0.18
0.01 0.02 0.03 0.04 0.05 0.06 0.07 0.10 0.13 0.14 0.15 0.20
0.01 0.02 0.03 0.04 0.05 0.06 0.07 0.10 0.13 0.14 0.16 0.19
0.01 0.02 0.03 0.04 0.05 0.06 0.07 0.10 0.13 0.14 0.17 0.18
0.01 0.02 0.03 0.04 0.05 0.06 0.07 0.10 0.13 0.15 0.16 0.18
0.01 0.02 0.03 0.04 0.05 0.06 0.07 0.10 0.14 0.15 0.16 0.17
0.01 0.02 0.03 0.04 0.05 0.06 0.07 0.11 0.12 0.13 0.14 0.22
0.01 0.02 0.03 0.04 0.05 0.06 0.07 0.11 0.12 0.13 0.15 0.21
0.01 0.02 0.03 0.04 0.05 0.06 0.07 0.11 0.12 0.13 0.16 0.20
0.01 0.02 0.03 0.04 0.05 0.06 0.07 0.11 0.12 0.13 0.17 0.19
0.01 0.02 0.03 0.04 0.05 0.06 0.07 0.11 0.12 0.14 0.15 0.20
0.01 0.02 0.03 0.04 0.05 0.06 0.07 0.11 0.12 0.14 0.16 0.19
0.01 0.02 0.03 0.04 0.05 0.06 0.07 0.11 0.12 0.14 0.17 0.18
0.01 0.02 0.03 0.04 0.05 0.06 0.07 0.11 0.12 0.15 0.16 0.18
0.01 0.02 0.03 0.04 0.05 0.06 0.07 0.11 0.13 0.14 0.15 0.19
0.01 0.02 0.03 0.04 0.05 0.06 0.07 0.11 0.13 0.14 0.16 0.18
0.01 0.02 0.03 0.04 0.05 0.06 0.07 0.11 0.13 0.15 0.16 0.17
0.01 0.02 0.03 0.04 0.05 0.06 0.07 0.12 0.13 0.14 0.15 0.18
0.01 0.02 0.03 0.04 0.05 0.06 0.07 0.12 0.13 0.14 0.16 0.17
0.01 0.02 0.03 0.04 0.05 0.06 0.08 0.09 0.10 0.11 0.12 0.29
0.01 0.02 0.03 0.04 0.05 0.06 0.08 0.09 0.10 0.11 0.13 0.28
0.01 0.02 0.03 0.04 0.05 0.06 0.08 0.09 0.10 0.11 0.14 0.27
0.01 0.02 0.03 0.04 0.05 0.06 0.08 0.09 0.10 0.11 0.15 0.26
0.01 0.02 0.03 0.04 0.05 0.06 0.08 0.09 0.10 0.11 0.16 0.25
0.01 0.02 0.03 0.04 0.05 0.06 0.08 0.09 0.10 0.11 0.17 0.24
0.01 0.02 0.03 0.04 0.05 0.06 0.08 0.09 0.10 0.11 0.18 0.23
0.01 0.02 0.03 0.04 0.05 0.06 0.08 0.09 0.10 0.11 0.19 0.22
0.01 0.02 0.03 0.04 0.05 0.06 0.08 0.09 0.10 0.11 0.20 0.21
0.01 0.02 0.03 0.04 0.05 0.06 0.08 0.09 0.10 0.12 0.13 0.27
0.01 0.02 0.03 0.04 0.05 0.06 0.08 0.09 0.10 0.12 0.14 0.26
0.01 0.02 0.03 0.04 0.05 0.06 0.08 0.09 0.10 0.12 0.15 0.25
0.01 0.02 0.03 0.04 0.05 0.06 0.08 0.09 0.10 0.12 0.16 0.24
0.01 0.02 0.03 0.04 0.05 0.06 0.08 0.09 0.10 0.12 0.17 0.23
0.01 0.02 0.03 0.04 0.05 0.06 0.08 0.09 0.10 0.12 0.18 0.22
0.01 0.02 0.03 0.04 0.05 0.06 0.08 0.09 0.10 0.12 0.19 0.21
0.01 0.02 0.03 0.04 0.05 0.06 0.08 0.09 0.10 0.13 0.14 0.25
0.01 0.02 0.03 0.04 0.05 0.06 0.08 0.09 0.10 0.13 0.15 0.24
0.01 0.02 0.03 0.04 0.05 0.06 0.08 0.09 0.10 0.13 0.16 0.23
0.01 0.02 0.03 0.04 0.05 0.06 0.08 0.09 0.10 0.13 0.17 0.22
0.01 0.02 0.03 0.04 0.05 0.06 0.08 0.09 0.10 0.13 0.18 0.21
0.01 0.02 0.03 0.04 0.05 0.06 0.08 0.09 0.10 0.13 0.19 0.20
0.01 0.02 0.03 0.04 0.05 0.06 0.08 0.09 0.10 0.14 0.15 0.23
0.01 0.02 0.03 0.04 0.05 0.06 0.08 0.09 0.10 0.14 0.16 0.22
0.01 0.02 0.03 0.04 0.05 0.06 0.08 0.09 0.10 0.14 0.17 0.21
0.01 0.02 0.03 0.04 0.05 0.06 0.08 0.09 0.10 0.14 0.18 0.20
0.01 0.02 0.03 0.04 0.05 0.06 0.08 0.09 0.10 0.15 0.16 0.21
0.01 0.02 0.03 0.04 0.05 0.06 0.08 0.09 0.10 0.15 0.17 0.20
0.01 0.02 0.03 0.04 0.05 0.06 0.08 0.09 0.10 0.15 0.18 0.19
0.01 0.02 0.03 0.04 0.05 0.06 0.08 0.09 0.10 0.16 0.17 0.19
0.01 0.02 0.03 0.04 0.05 0.06 0.08 0.09 0.11 0.12 0.13 0.26
0.01 0.02 0.03 0.04 0.05 0.06 0.08 0.09 0.11 0.12 0.14 0.25
0.01 0.02 0.03 0.04 0.05 0.06 0.08 0.09 0.11 0.12 0.15 0.24
0.01 0.02 0.03 0.04 0.05 0.06 0.08 0.09 0.11 0.12 0.16 0.23
0.01 0.02 0.03 0.04 0.05 0.06 0.08 0.09 0.11 0.12 0.17 0.22
0.01 0.02 0.03 0.04 0.05 0.06 0.08 0.09 0.11 0.12 0.18 0.21
0.01 0.02 0.03 0.04 0.05 0.06 0.08 0.09 0.11 0.12 0.19 0.20
0.01 0.02 0.03 0.04 0.05 0.06 0.08 0.09 0.11 0.13 0.14 0.24
0.01 0.02 0.03 0.04 0.05 0.06 0.08 0.09 0.11 0.13 0.15 0.23
0.01 0.02 0.03 0.04 0.05 0.06 0.08 0.09 0.11 0.13 0.16 0.22
0.01 0.02 0.03 0.04 0.05 0.06 0.08 0.09 0.11 0.13 0.17 0.21
0.01 0.02 0.03 0.04 0.05 0.06 0.08 0.09 0.11 0.13 0.18 0.20
0.01 0.02 0.03 0.04 0.05 0.06 0.08 0.09 0.11 0.14 0.15 0.22
0.01 0.02 0.03 0.04 0.05 0.06 0.08 0.09 0.11 0.14 0.16 0.21
0.01 0.02 0.03 0.04 0.05 0.06 0.08 0.09 0.11 0.14 0.17 0.20
0.01 0.02 0.03 0.04 0.05 0.06 0.08 0.09 0.11 0.14 0.18 0.19
0.01 0.02 0.03 0.04 0.05 0.06 0.08 0.09 0.11 0.15 0.16 0.20
0.01 0.02 0.03 0.04 0.05 0.06 0.08 0.09 0.11 0.15 0.17 0.19
0.01 0.02 0.03 0.04 0.05 0.06 0.08 0.09 0.11 0.16 0.17 0.18
0.01 0.02 0.03 0.04 0.05 0.06 0.08 0.09 0.12 0.13 0.14 0.23
0.01 0.02 0.03 0.04 0.05 0.06 0.08 0.09 0.12 0.13 0.15 0.22
0.01 0.02 0.03 0.04 0.05 0.06 0.08 0.09 0.12 0.13 0.16 0.21
0.01 0.02 0.03 0.04 0.05 0.06 0.08 0.09 0.12 0.13 0.17 0.20
0.01 0.02 0.03 0.04 0.05 0.06 0.08 0.09 0.12 0.13 0.18 0.19
0.01 0.02 0.03 0.04 0.05 0.06 0.08 0.09 0.12 0.14 0.15 0.21
0.01 0.02 0.03 0.04 0.05 0.06 0.08 0.09 0.12 0.14 0.16 0.20
0.01 0.02 0.03 0.04 0.05 0.06 0.08 0.09 0.12 0.14 0.17 0.19
0.01 0.02 0.03 0.04 0.05 0.06 0.08 0.09 0.12 0.15 0.16 0.19
0.01 0.02 0.03 0.04 0.05 0.06 0.08 0.09 0.12 0.15 0.17 0.18
0.01 0.02 0.03 0.04 0.05 0.06 0.08 0.09 0.13 0.14 0.15 0.20
0.01 0.02 0.03 0.04 0.05 0.06 0.08 0.09 0.13 0.14 0.16 0.19
0.01 0.02 0.03 0.04 0.05 0.06 0.08 0.09 0.13 0.14 0.17 0.18
0.01 0.02 0.03 0.04 0.05 0.06 0.08 0.09 0.13 0.15 0.16 0.18
0.01 0.02 0.03 0.04 0.05 0.06 0.08 0.09 0.14 0.15 0.16 0.17
0.01 0.02 0.03 0.04 0.05 0.06 0.08 0.10 0.11 0.12 0.13 0.25
0.01 0.02 0.03 0.04 0.05 0.06 0.08 0.10 0.11 0.12 0.14 0.24
0.01 0.02 0.03 0.04 0.05 0.06 0.08 0.10 0.11 0.12 0.15 0.23
0.01 0.02 0.03 0.04 0.05 0.06 0.08 0.10 0.11 0.12 0.16 0.22
0.01 0.02 0.03 0.04 0.05 0.06 0.08 0.10 0.11 0.12 0.17 0.21
0.01 0.02 0.03 0.04 0.05 0.06 0.08 0.10 0.11 0.12 0.18 0.20
0.01 0.02 0.03 0.04 0.05 0.06 0.08 0.10 0.11 0.13 0.14 0.23
0.01 0.02 0.03 0.04 0.05 0.06 0.08 0.10 0.11 0.13 0.15 0.22
0.01 0.02 0.03 0.04 0.05 0.06 0.08 0.10 0.11 0.13 0.16 0.21
0.01 0.02 0.03 0.04 0.05 0.06 0.08 0.10 0.11 0.13 0.17 0.20
0.01 0.02 0.03 0.04 0.05 0.06 0.08 0.10 0.11 0.13 0.18 0.19
0.01 0.02 0.03 0.04 0.05 0.06 0.08 0.10 0.11 0.14 0.15 0.21
0.01 0.02 0.03 0.04 0.05 0.06 0.08 0.10 0.11 0.14 0.16 0.20
0.01 0.02 0.03 0.04 0.05 0.06 0.08 0.10 0.11 0.14 0.17 0.19
0.01 0.02 0.03 0.04 0.05 0.06 0.08 0.10 0.11 0.15 0.16 0.19
0.01 0.02 0.03 0.04 0.05 0.06 0.08 0.10 0.11 0.15 0.17 0.18
0.01 0.02 0.03 0.04 0.05 0.06 0.08 0.10 0.12 0.13 0.14 0.22
0.01 0.02 0.03 0.04 0.05 0.06 0.08 0.10 0.12 0.13 0.15 0.21
0.01 0.02 0.03 0.04 0.05 0.06 0.08 0.10 0.12 0.13 0.16 0.20
0.01 0.02 0.03 0.04 0.05 0.06 0.08 0.10 0.12 0.13 0.17 0.19
0.01 0.02 0.03 0.04 0.05 0.06 0.08 0.10 0.12 0.14 0.15 0.20
0.01 0.02 0.03 0.04 0.05 0.06 0.08 0.10 0.12 0.14 0.16 0.19
0.01 0.02 0.03 0.04 0.05 0.06 0.08 0.10 0.12 0.14 0.17 0.18
0.01 0.02 0.03 0.04 0.05 0.06 0.08 0.10 0.12 0.15 0.16 0.18
0.01 0.02 0.03 0.04 0.05 0.06 0.08 0.10 0.13 0.14 0.15 0.19
0.01 0.02 0.03 0.04 0.05 0.06 0.08 0.10 0.13 0.14 0.16 0.18
0.01 0.02 0.03 0.04 0.05 0.06 0.08 0.10 0.13 0.15 0.16 0.17
0.01 0.02 0.03 0.04 0.05 0.06 0.08 0.11 0.12 0.13 0.14 0.21
0.01 0.02 0.03 0.04 0.05 0.06 0.08 0.11 0.12 0.13 0.15 0.20
0.01 0.02 0.03 0.04 0.05 0.06 0.08 0.11 0.12 0.13 0.16 0.19
0.01 0.02 0.03 0.04 0.05 0.06 0.08 0.11 0.12 0.13 0.17 0.18
0.01 0.02 0.03 0.04 0.05 0.06 0.08 0.11 0.12 0.14 0.15 0.19
0.01 0.02 0.03 0.04 0.05 0.06 0.08 0.11 0.12 0.14 0.16 0.18
0.01 0.02 0.03 0.04 0.05 0.06 0.08 0.11 0.12 0.15 0.16 0.17
0.01 0.02 0.03 0.04 0.05 0.06 0.08 0.11 0.13 0.14 0.15 0.18
0.01 0.02 0.03 0.04 0.05 0.06 0.08 0.11 0.13 0.14 0.16 0.17
0.01 0.02 0.03 0.04 0.05 0.06 0.08 0.12 0.13 0.14 0.15 0.17
0.01 0.02 0.03 0.04 0.05 0.06 0.09 0.10 0.11 0.12 0.13 0.24
0.01 0.02 0.03 0.04 0.05 0.06 0.09 0.10 0.11 0.12 0.14 0.23
0.01 0.02 0.03 0.04 0.05 0.06 0.09 0.10 0.11 0.12 0.15 0.22
0.01 0.02 0.03 0.04 0.05 0.06 0.09 0.10 0.11 0.12 0.16 0.21
0.01 0.02 0.03 0.04 0.05 0.06 0.09 0.10 0.11 0.12 0.17 0.20
0.01 0.02 0.03 0.04 0.05 0.06 0.09 0.10 0.11 0.12 0.18 0.19
0.01 0.02 0.03 0.04 0.05 0.06 0.09 0.10 0.11 0.13 0.14 0.22
0.01 0.02 0.03 0.04 0.05 0.06 0.09 0.10 0.11 0.13 0.15 0.21
0.01 0.02 0.03 0.04 0.05 0.06 0.09 0.10 0.11 0.13 0.16 0.20
0.01 0.02 0.03 0.04 0.05 0.06 0.09 0.10 0.11 0.13 0.17 0.19
0.01 0.02 0.03 0.04 0.05 0.06 0.09 0.10 0.11 0.14 0.15 0.20
0.01 0.02 0.03 0.04 0.05 0.06 0.09 0.10 0.11 0.14 0.16 0.19
0.01 0.02 0.03 0.04 0.05 0.06 0.09 0.10 0.11 0.14 0.17 0.18
0.01 0.02 0.03 0.04 0.05 0.06 0.09 0.10 0.11 0.15 0.16 0.18
0.01 0.02 0.03 0.04 0.05 0.06 0.09 0.10 0.12 0.13 0.14 0.21
0.01 0.02 0.03 0.04 0.05 0.06 0.09 0.10 0.12 0.13 0.15 0.20
0.01 0.02 0.03 0.04 0.05 0.06 0.09 0.10 0.12 0.13 0.16 0.19
0.01 0.02 0.03 0.04 0.05 0.06 0.09 0.10 0.12 0.13 0.17 0.18
0.01 0.02 0.03 0.04 0.05 0.06 0.09 0.10 0.12 0.14 0.15 0.19
0.01 0.02 0.03 0.04 0.05 0.06 0.09 0.10 0.12 0.14 0.16 0.18
0.01 0.02 0.03 0.04 0.05 0.06 0.09 0.10 0.12 0.15 0.16 0.17
0.01 0.02 0.03 0.04 0.05 0.06 0.09 0.10 0.13 0.14 0.15 0.18
0.01 0.02 0.03 0.04 0.05 0.06 0.09 0.10 0.13 0.14 0.16 0.17
0.01 0.02 0.03 0.04 0.05 0.06 0.09 0.11 0.12 0.13 0.14 0.20
0.01 0.02 0.03 0.04 0.05 0.06 0.09 0.11 0.12 0.13 0.15 0.19
0.01 0.02 0.03 0.04 0.05 0.06 0.09 0.11 0.12 0.13 0.16 0.18
0.01 0.02 0.03 0.04 0.05 0.06 0.09 0.11 0.12 0.14 0.15 0.18
0.01 0.02 0.03 0.04 0.05 0.06 0.09 0.11 0.12 0.14 0.16 0.17
0.01 0.02 0.03 0.04 0.05 0.06 0.09 0.11 0.13 0.14 0.15 0.17
0.01 0.02 0.03 0.04 0.05 0.06 0.09 0.12 0.13 0.14 0.15 0.16
0.01 0.02 0.03 0.04 0.05 0.06 0.10 0.11 0.12 0.13 0.14 0.19
0.01 0.02 0.03 0.04 0.05 0.06 0.10 0.11 0.12 0.13 0.15 0.18
0.01 0.02 0.03 0.04 0.05 0.06 0.10 0.11 0.12 0.13 0.16 0.17
0.01 0.02 0.03 0.04 0.05 0.06 0.10 0.11 0.12 0.14 0.15 0.17
0.01 0.02 0.03 0.04 0.05 0.06 0.10 0.11 0.13 0.14 0.15 0.16
0.01 0.02 0.03 0.04 0.05 0.07 0.08 0.09 0.10 0.11 0.12 0.28
0.01 0.02 0.03 0.04 0.05 0.07 0.08 0.09 0.10 0.11 0.13 0.27
0.01 0.02 0.03 0.04 0.05 0.07 0.08 0.09 0.10 0.11 0.14 0.26
0.01 0.02 0.03 0.04 0.05 0.07 0.08 0.09 0.10 0.11 0.15 0.25
0.01 0.02 0.03 0.04 0.05 0.07 0.08 0.09 0.10 0.11 0.16 0.24
0.01 0.02 0.03 0.04 0.05 0.07 0.08 0.09 0.10 0.11 0.17 0.23
0.01 0.02 0.03 0.04 0.05 0.07 0.08 0.09 0.10 0.11 0.18 0.22
0.01 0.02 0.03 0.04 0.05 0.07 0.08 0.09 0.10 0.11 0.19 0.21
0.01 0.02 0.03 0.04 0.05 0.07 0.08 0.09 0.10 0.12 0.13 0.26
0.01 0.02 0.03 0.04 0.05 0.07 0.08 0.09 0.10 0.12 0.14 0.25
0.01 0.02 0.03 0.04 0.05 0.07 0.08 0.09 0.10 0.12 0.15 0.24
0.01 0.02 0.03 0.04 0.05 0.07 0.08 0.09 0.10 0.12 0.16 0.23
0.01 0.02 0.03 0.04 0.05 0.07 0.08 0.09 0.10 0.12 0.17 0.22
0.01 0.02 0.03 0.04 0.05 0.07 0.08 0.09 0.10 0.12 0.18 0.21
0.01 0.02 0.03 0.04 0.05 0.07 0.08 0.09 0.10 0.12 0.19 0.20
0.01 0.02 0.03 0.04 0.05 0.07 0.08 0.09 0.10 0.13 0.14 0.24
0.01 0.02 0.03 0.04 0.05 0.07 0.08 0.09 0.10 0.13 0.15 0.23
0.01 0.02 0.03 0.04 0.05 0.07 0.08 0.09 0.10 0.13 0.16 0.22
0.01 0.02 0.03 0.04 0.05 0.07 0.08 0.09 0.10 0.13 0.17 0.21
0.01 0.02 0.03 0.04 0.05 0.07 0.08 0.09 0.10 0.13 0.18 0.20
0.01 0.02 0.03 0.04 0.05 0.07 0.08 0.09 0.10 0.14 0.15 0.22
0.01 0.02 0.03 0.04 0.05 0.07 0.08 0.09 0.10 0.14 0.16 0.21
0.01 0.02 0.03 0.04 0.05 0.07 0.08 0.09 0.10 0.14 0.17 0.20
0.01 0.02 0.03 0.04 0.05 0.07 0.08 0.09 0.10 0.14 0.18 0.19
0.01 0.02 0.03 0.04 0.05 0.07 0.08 0.09 0.10 0.15 0.16 0.20
0.01 0.02 0.03 0.04 0.05 0.07 0.08 0.09 0.10 0.15 0.17 0.19
0.01 0.02 0.03 0.04 0.05 0.07 0.08 0.09 0.10 0.16 0.17 0.18
0.01 0.02 0.03 0.04 0.05 0.07 0.08 0.09 0.11 0.12 0.13 0.25
0.01 0.02 0.03 0.04 0.05 0.07 0.08 0.09 0.11 0.12 0.14 0.24
0.01 0.02 0.03 0.04 0.05 0.07 0.08 0.09 0.11 0.12 0.15 0.23
0.01 0.02 0.03 0.04 0.05 0.07 0.08 0.09 0.11 0.12 0.16 0.22
0.01 0.02 0.03 0.04 0.05 0.07 0.08 0.09 0.11 0.12 0.17 0.21
0.01 0.02 0.03 0.04 0.05 0.07 0.08 0.09 0.11 0.12 0.18 0.20
0.01 0.02 0.03 0.04 0.05 0.07 0.08 0.09 0.11 0.13 0.14 0.23
0.01 0.02 0.03 0.04 0.05 0.07 0.08 0.09 0.11 0.13 0.15 0.22
0.01 0.02 0.03 0.04 0.05 0.07 0.08 0.09 0.11 0.13 0.16 0.21
0.01 0.02 0.03 0.04 0.05 0.07 0.08 0.09 0.11 0.13 0.17 0.20
0.01 0.02 0.03 0.04 0.05 0.07 0.08 0.09 0.11 0.13 0.18 0.19
0.01 0.02 0.03 0.04 0.05 0.07 0.08 0.09 0.11 0.14 0.15 0.21
0.01 0.02 0.03 0.04 0.05 0.07 0.08 0.09 0.11 0.14 0.16 0.20
0.01 0.02 0.03 0.04 0.05 0.07 0.08 0.09 0.11 0.14 0.17 0.19
0.01 0.02 0.03 0.04 0.05 0.07 0.08 0.09 0.11 0.15 0.16 0.19
0.01 0.02 0.03 0.04 0.05 0.07 0.08 0.09 0.11 0.15 0.17 0.18
0.01 0.02 0.03 0.04 0.05 0.07 0.08 0.09 0.12 0.13 0.14 0.22
0.01 0.02 0.03 0.04 0.05 0.07 0.08 0.09 0.12 0.13 0.15 0.21
0.01 0.02 0.03 0.04 0.05 0.07 0.08 0.09 0.12 0.13 0.16 0.20
0.01 0.02 0.03 0.04 0.05 0.07 0.08 0.09 0.12 0.13 0.17 0.19
0.01 0.02 0.03 0.04 0.05 0.07 0.08 0.09 0.12 0.14 0.15 0.20
0.01 0.02 0.03 0.04 0.05 0.07 0.08 0.09 0.12 0.14 0.16 0.19
0.01 0.02 0.03 0.04 0.05 0.07 0.08 0.09 0.12 0.14 0.17 0.18
0.01 0.02 0.03 0.04 0.05 0.07 0.08 0.09 0.12 0.15 0.16 0.18
0.01 0.02 0.03 0.04 0.05 0.07 0.08 0.09 0.13 0.14 0.15 0.19
0.01 0.02 0.03 0.04 0.05 0.07 0.08 0.09 0.13 0.14 0.16 0.18
0.01 0.02 0.03 0.04 0.05 0.07 0.08 0.09 0.13 0.15 0.16 0.17
0.01 0.02 0.03 0.04 0.05 0.07 0.08 0.10 0.11 0.12 0.13 0.24
0.01 0.02 0.03 0.04 0.05 0.07 0.08 0.10 0.11 0.12 0.14 0.23
0.01 0.02 0.03 0.04 0.05 0.07 0.08 0.10 0.11 0.12 0.15 0.22
0.01 0.02 0.03 0.04 0.05 0.07 0.08 0.10 0.11 0.12 0.16 0.21
0.01 0.02 0.03 0.04 0.05 0.07 0.08 0.10 0.11 0.12 0.17 0.20
0.01 0.02 0.03 0.04 0.05 0.07 0.08 0.10 0.11 0.12 0.18 0.19
0.01 0.02 0.03 0.04 0.05 0.07 0.08 0.10 0.11 0.13 0.14 0.22
0.01 0.02 0.03 0.04 0.05 0.07 0.08 0.10 0.11 0.13 0.15 0.21
0.01 0.02 0.03 0.04 0.05 0.07 0.08 0.10 0.11 0.13 0.16 0.20
0.01 0.02 0.03 0.04 0.05 0.07 0.08 0.10 0.11 0.13 0.17 0.19
0.01 0.02 0.03 0.04 0.05 0.07 0.08 0.10 0.11 0.14 0.15 0.20
0.01 0.02 0.03 0.04 0.05 0.07 0.08 0.10 0.11 0.14 0.16 0.19
0.01 0.02 0.03 0.04 0.05 0.07 0.08 0.10 0.11 0.14 0.17 0.18
0.01 0.02 0.03 0.04 0.05 0.07 0.08 0.10 0.11 0.15 0.16 0.18
0.01 0.02 0.03 0.04 0.05 0.07 0.08 0.10 0.12 0.13 0.14 0.21
0.01 0.02 0.03 0.04 0.05 0.07 0.08 0.10 0.12 0.13 0.15 0.20
0.01 0.02 0.03 0.04 0.05 0.07 0.08 0.10 0.12 0.13 0.16 0.19
0.01 0.02 0.03 0.04 0.05 0.07 0.08 0.10 0.12 0.13 0.17 0.18
0.01 0.02 0.03 0.04 0.05 0.07 0.08 0.10 0.12 0.14 0.15 0.19
0.01 0.02 0.03 0.04 0.05 0.07 0.08 0.10 0.12 0.14 0.16 0.18
0.01 0.02 0.03 0.04 0.05 0.07 0.08 0.10 0.12 0.15 0.16 0.17
0.01 0.02 0.03 0.04 0.05 0.07 0.08 0.10 0.13 0.14 0.15 0.18
0.01 0.02 0.03 0.04 0.05 0.07 0.08 0.10 0.13 0.14 0.16 0.17
0.01 0.02 0.03 0.04 0.05 0.07 0.08 0.11 0.12 0.13 0.14 0.20
0.01 0.02 0.03 0.04 0.05 0.07 0.08 0.11 0.12 0.13 0.15 0.19
0.01 0.02 0.03 0.04 0.05 0.07 0.08 0.11 0.12 0.13 0.16 0.18
0.01 0.02 0.03 0.04 0.05 0.07 0.08 0.11 0.12 0.14 0.15 0.18
0.01 0.02 0.03 0.04 0.05 0.07 0.08 0.11 0.12 0.14 0.16 0.17
0.01 0.02 0.03 0.04 0.05 0.07 0.08 0.11 0.13 0.14 0.15 0.17
0.01 0.02 0.03 0.04 0.05 0.07 0.08 0.12 0.13 0.14 0.15 0.16
0.01 0.02 0.03 0.04 0.05 0.07 0.09 0.10 0.11 0.12 0.13 0.23
0.01 0.02 0.03 0.04 0.05 0.07 0.09 0.10 0.11 0.12 0.14 0.22
0.01 0.02 0.03 0.04 0.05 0.07 0.09 0.10 0.11 0.12 0.15 0.21
0.01 0.02 0.03 0.04 0.05 0.07 0.09 0.10 0.11 0.12 0.16 0.20
0.01 0.02 0.03 0.04 0.05 0.07 0.09 0.10 0.11 0.12 0.17 0.19
0.01 0.02 0.03 0.04 0.05 0.07 0.09 0.10 0.11 0.13 0.14 0.21
0.01 0.02 0.03 0.04 0.05 0.07 0.09 0.10 0.11 0.13 0.15 0.20
0.01 0.02 0.03 0.04 0.05 0.07 0.09 0.10 0.11 0.13 0.16 0.19
0.01 0.02 0.03 0.04 0.05 0.07 0.09 0.10 0.11 0.13 0.17 0.18
0.01 0.02 0.03 0.04 0.05 0.07 0.09 0.10 0.11 0.14 0.15 0.19
0.01 0.02 0.03 0.04 0.05 0.07 0.09 0.10 0.11 0.14 0.16 0.18
0.01 0.02 0.03 0.04 0.05 0.07 0.09 0.10 0.11 0.15 0.16 0.17
0.01 0.02 0.03 0.04 0.05 0.07 0.09 0.10 0.12 0.13 0.14 0.20
0.01 0.02 0.03 0.04 0.05 0.07 0.09 0.10 0.12 0.13 0.15 0.19
0.01 0.02 0.03 0.04 0.05 0.07 0.09 0.10 0.12 0.13 0.16 0.18
0.01 0.02 0.03 0.04 0.05 0.07 0.09 0.10 0.12 0.14 0.15 0.18
0.01 0.02 0.03 0.04 0.05 0.07 0.09 0.10 0.12 0.14 0.16 0.17
0.01 0.02 0.03 0.04 0.05 0.07 0.09 0.10 0.13 0.14 0.15 0.17
0.01 0.02 0.03 0.04 0.05 0.07 0.09 0.11 0.12 0.13 0.14 0.19
0.01 0.02 0.03 0.04 0.05 0.07 0.09 0.11 0.12 0.13 0.15 0.18
0.01 0.02 0.03 0.04 0.05 0.07 0.09 0.11 0.12 0.13 0.16 0.17
0.01 0.02 0.03 0.04 0.05 0.07 0.09 0.11 0.12 0.14 0.15 0.17
0.01 0.02 0.03 0.04 0.05 0.07 0.09 0.11 0.13 0.14 0.15 0.16
0.01 0.02 0.03 0.04 0.05 0.07 0.10 0.11 0.12 0.13 0.14 0.18
0.01 0.02 0.03 0.04 0.05 0.07 0.10 0.11 0.12 0.13 0.15 0.17
0.01 0.02 0.03 0.04 0.05 0.07 0.10 0.11 0.12 0.14 0.15 0.16
0.01 0.02 0.03 0.04 0.05 0.08 0.09 0.10 0.11 0.12 0.13 0.22
0.01 0.02 0.03 0.04 0.05 0.08 0.09 0.10 0.11 0.12 0.14 0.21
0.01 0.02 0.03 0.04 0.05 0.08 0.09 0.10 0.11 0.12 0.15 0.20
0.01 0.02 0.03 0.04 0.05 0.08 0.09 0.10 0.11 0.12 0.16 0.19
0.01 0.02 0.03 0.04 0.05 0.08 0.09 0.10 0.11 0.12 0.17 0.18
0.01 0.02 0.03 0.04 0.05 0.08 0.09 0.10 0.11 0.13 0.14 0.20
0.01 0.02 0.03 0.04 0.05 0.08 0.09 0.10 0.11 0.13 0.15 0.19
0.01 0.02 0.03 0.04 0.05 0.08 0.09 0.10 0.11 0.13 0.16 0.18
0.01 0.02 0.03 0.04 0.05 0.08 0.09 0.10 0.11 0.14 0.15 0.18
0.01 0.02 0.03 0.04 0.05 0.08 0.09 0.10 0.11 0.14 0.16 0.17
0.01 0.02 0.03 0.04 0.05 0.08 0.09 0.10 0.12 0.13 0.14 0.19
0.01 0.02 0.03 0.04 0.05 0.08 0.09 0.10 0.12 0.13 0.15 0.18
0.01 0.02 0.03 0.04 0.05 0.08 0.09 0.10 0.12 0.13 0.16 0.17
0.01 0.02 0.03 0.04 0.05 0.08 0.09 0.10 0.12 0.14 0.15 0.17
0.01 0.02 0.03 0.04 0.05 0.08 0.09 0.10 0.13 0.14 0.15 0.16
0.01 0.02 0.03 0.04 0.05 0.08 0.09 0.11 0.12 0.13 0.14 0.18
0.01 0.02 0.03 0.04 0.05 0.08 0.09 0.11 0.12 0.13 0.15 0.17
0.01 0.02 0.03 0.04 0.05 0.08 0.09 0.11 0.12 0.14 0.15 0.16
0.01 0.02 0.03 0.04 0.05 0.08 0.10 0.11 0.12 0.13 0.14 0.17
0.01 0.02 0.03 0.04 0.05 0.08 0.10 0.11 0.12 0.13 0.15 0.16
0.01 0.02 0.03 0.04 0.05 0.09 0.10 0.11 0.12 0.13 0.14 0.16
0.01 0.02 0.03 0.04 0.06 0.07 0.08 0.09 0.10 0.11 0.12 0.27
0.01 0.02 0.03 0.04 0.06 0.07 0.08 0.09 0.10 0.11 0.13 0.26
0.01 0.02 0.03 0.04 0.06 0.07 0.08 0.09 0.10 0.11 0.14 0.25
0.01 0.02 0.03 0.04 0.06 0.07 0.08 0.09 0.10 0.11 0.15 0.24
0.01 0.02 0.03 0.04 0.06 0.07 0.08 0.09 0.10 0.11 0.16 0.23
0.01 0.02 0.03 0.04 0.06 0.07 0.08 0.09 0.10 0.11 0.17 0.22
0.01 0.02 0.03 0.04 0.06 0.07 0.08 0.09 0.10 0.11 0.18 0.21
0.01 0.02 0.03 0.04 0.06 0.07 0.08 0.09 0.10 0.11 0.19 0.20
0.01 0.02 0.03 0.04 0.06 0.07 0.08 0.09 0.10 0.12 0.13 0.25
0.01 0.02 0.03 0.04 0.06 0.07 0.08 0.09 0.10 0.12 0.14 0.24
0.01 0.02 0.03 0.04 0.06 0.07 0.08 0.09 0.10 0.12 0.15 0.23
0.01 0.02 0.03 0.04 0.06 0.07 0.08 0.09 0.10 0.12 0.16 0.22
0.01 0.02 0.03 0.04 0.06 0.07 0.08 0.09 0.10 0.12 0.17 0.21
0.01 0.02 0.03 0.04 0.06 0.07 0.08 0.09 0.10 0.12 0.18 0.20
0.01 0.02 0.03 0.04 0.06 0.07 0.08 0.09 0.10 0.13 0.14 0.23
0.01 0.02 0.03 0.04 0.06 0.07 0.08 0.09 0.10 0.13 0.15 0.22
0.01 0.02 0.03 0.04 0.06 0.07 0.08 0.09 0.10 0.13 0.16 0.21
0.01 0.02 0.03 0.04 0.06 0.07 0.08 0.09 0.10 0.13 0.17 0.20
0.01 0.02 0.03 0.04 0.06 0.07 0.08 0.09 0.10 0.13 0.18 0.19
0.01 0.02 0.03 0.04 0.06 0.07 0.08 0.09 0.10 0.14 0.15 0.21
0.01 0.02 0.03 0.04 0.06 0.07 0.08 0.09 0.10 0.14 0.16 0.20
0.01 0.02 0.03 0.04 0.06 0.07 0.08 0.09 0.10 0.14 0.17 0.19
0.01 0.02 0.03 0.04 0.06 0.07 0.08 0.09 0.10 0.15 0.16 0.19
0.01 0.02 0.03 0.04 0.06 0.07 0.08 0.09 0.10 0.15 0.17 0.18
0.01 0.02 0.03 0.04 0.06 0.07 0.08 0.09 0.11 0.12 0.13 0.24
0.01 0.02 0.03 0.04 0.06 0.07 0.08 0.09 0.11 0.12 0.14 0.23
0.01 0.02 0.03 0.04 0.06 0.07 0.08 0.09 0.11 0.12 0.15 0.22
0.01 0.02 0.03 0.04 0.06 0.07 0.08 0.09 0.11 0.12 0.16 0.21
0.01 0.02 0.03 0.04 0.06 0.07 0.08 0.09 0.11 0.12 0.17 0.20
0.01 0.02 0.03 0.04 0.06 0.07 0.08 0.09 0.11 0.12 0.18 0.19
0.01 0.02 0.03 0.04 0.06 0.07 0.08 0.09 0.11 0.13 0.14 0.22
0.01 0.02 0.03 0.04 0.06 0.07 0.08 0.09 0.11 0.13 0.15 0.21
0.01 0.02 0.03 0.04 0.06 0.07 0.08 0.09 0.11 0.13 0.16 0.20
0.01 0.02 0.03 0.04 0.06 0.07 0.08 0.09 0.11 0.13 0.17 0.19
0.01 0.02 0.03 0.04 0.06 0.07 0.08 0.09 0.11 0.14 0.15 0.20
0.01 0.02 0.03 0.04 0.06 0.07 0.08 0.09 0.11 0.14 0.16 0.19
0.01 0.02 0.03 0.04 0.06 0.07 0.08 0.09 0.11 0.14 0.17 0.18
0.01 0.02 0.03 0.04 0.06 0.07 0.08 0.09 0.11 0.15 0.16 0.18
0.01 0.02 0.03 0.04 0.06 0.07 0.08 0.09 0.12 0.13 0.14 0.21
0.01 0.02 0.03 0.04 0.06 0.07 0.08 0.09 0.12 0.13 0.15 0.20
0.01 0.02 0.03 0.04 0.06 0.07 0.08 0.09 0.12 0.13 0.16 0.19
0.01 0.02 0.03 0.04 0.06 0.07 0.08 0.09 0.12 0.13 0.17 0.18
0.01 0.02 0.03 0.04 0.06 0.07 0.08 0.09 0.12 0.14 0.15 0.19
0.01 0.02 0.03 0.04 0.06 0.07 0.08 0.09 0.12 0.14 0.16 0.18
0.01 0.02 0.03 0.04 0.06 0.07 0.08 0.09 0.12 0.15 0.16 0.17
0.01 0.02 0.03 0.04 0.06 0.07 0.08 0.09 0.13 0.14 0.15 0.18
0.01 0.02 0.03 0.04 0.06 0.07 0.08 0.09 0.13 0.14 0.16 0.17
0.01 0.02 0.03 0.04 0.06 0.07 0.08 0.10 0.11 0.12 0.13 0.23
0.01 0.02 0.03 0.04 0.06 0.07 0.08 0.10 0.11 0.12 0.14 0.22
0.01 0.02 0.03 0.04 0.06 0.07 0.08 0.10 0.11 0.12 0.15 0.21
0.01 0.02 0.03 0.04 0.06 0.07 0.08 0.10 0.11 0.12 0.16 0.20
0.01 0.02 0.03 0.04 0.06 0.07 0.08 0.10 0.11 0.12 0.17 0.19
0.01 0.02 0.03 0.04 0.06 0.07 0.08 0.10 0.11 0.13 0.14 0.21
0.01 0.02 0.03 0.04 0.06 0.07 0.08 0.10 0.11 0.13 0.15 0.20
0.01 0.02 0.03 0.04 0.06 0.07 0.08 0.10 0.11 0.13 0.16 0.19
0.01 0.02 0.03 0.04 0.06 0.07 0.08 0.10 0.11 0.13 0.17 0.18
0.01 0.02 0.03 0.04 0.06 0.07 0.08 0.10 0.11 0.14 0.15 0.19
0.01 0.02 0.03 0.04 0.06 0.07 0.08 0.10 0.11 0.14 0.16 0.18
0.01 0.02 0.03 0.04 0.06 0.07 0.08 0.10 0.11 0.15 0.16 0.17
0.01 0.02 0.03 0.04 0.06 0.07 0.08 0.10 0.12 0.13 0.14 0.20
0.01 0.02 0.03 0.04 0.06 0.07 0.08 0.10 0.12 0.13 0.15 0.19
0.01 0.02 0.03 0.04 0.06 0.07 0.08 0.10 0.12 0.13 0.16 0.18
0.01 0.02 0.03 0.04 0.06 0.07 0.08 0.10 0.12 0.14 0.15 0.18
0.01 0.02 0.03 0.04 0.06 0.07 0.08 0.10 0.12 0.14 0.16 0.17
0.01 0.02 0.03 0.04 0.06 0.07 0.08 0.10 0.13 0.14 0.15 0.17
0.01 0.02 0.03 0.04 0.06 0.07 0.08 0.11 0.12 0.13 0.14 0.19
0.01 0.02 0.03 0.04 0.06 0.07 0.08 0.11 0.12 0.13 0.15 0.18
0.01 0.02 0.03 0.04 0.06 0.07 0.08 0.11 0.12 0.13 0.16 0.17
0.01 0.02 0.03 0.04 0.06 0.07 0.08 0.11 0.12 0.14 0.15 0.17
0.01 0.02 0.03 0.04 0.06 0.07 0.08 0.11 0.13 0.14 0.15 0.16
0.01 0.02 0.03 0.04 0.06 0.07 0.09 0.10 0.11 0.12 0.13 0.22
0.01 0.02 0.03 0.04 0.06 0.07 0.09 0.10 0.11 0.12 0.14 0.21
0.01 0.02 0.03 0.04 0.06 0.07 0.09 0.10 0.11 0.12 0.15 0.20
0.01 0.02 0.03 0.04 0.06 0.07 0.09 0.10 0.11 0.12 0.16 0.19
0.01 0.02 0.03 0.04 0.06 0.07 0.09 0.10 0.11 0.12 0.17 0.18
0.01 0.02 0.03 0.04 0.06 0.07 0.09 0.10 0.11 0.13 0.14 0.20
0.01 0.02 0.03 0.04 0.06 0.07 0.09 0.10 0.11 0.13 0.15 0.19
0.01 0.02 0.03 0.04 0.06 0.07 0.09 0.10 0.11 0.13 0.16 0.18
0.01 0.02 0.03 0.04 0.06 0.07 0.09 0.10 0.11 0.14 0.15 0.18
0.01 0.02 0.03 0.04 0.06 0.07 0.09 0.10 0.11 0.14 0.16 0.17
0.01 0.02 0.03 0.04 0.06 0.07 0.09 0.10 0.12 0.13 0.14 0.19
0.01 0.02 0.03 0.04 0.06 0.07 0.09 0.10 0.12 0.13 0.15 0.18
0.01 0.02 0.03 0.04 0.06 0.07 0.09 0.10 0.12 0.13 0.16 0.17
0.01 0.02 0.03 0.04 0.06 0.07 0.09 0.10 0.12 0.14 0.15 0.17
0.01 0.02 0.03 0.04 0.06 0.07 0.09 0.10 0.13 0.14 0.15 0.16
0.01 0.02 0.03 0.04 0.06 0.07 0.09 0.11 0.12 0.13 0.14 0.18
0.01 0.02 0.03 0.04 0.06 0.07 0.09 0.11 0.12 0.13 0.15 0.17
0.01 0.02 0.03 0.04 0.06 0.07 0.09 0.11 0.12 0.14 0.15 0.16
0.01 0.02 0.03 0.04 0.06 0.07 0.10 0.11 0.12 0.13 0.14 0.17
0.01 0.02 0.03 0.04 0.06 0.07 0.10 0.11 0.12 0.13 0.15 0.16
0.01 0.02 0.03 0.04 0.06 0.08 0.09 0.10 0.11 0.12 0.13 0.21
0.01 0.02 0.03 0.04 0.06 0.08 0.09 0.10 0.11 0.12 0.14 0.20
0.01 0.02 0.03 0.04 0.06 0.08 0.09 0.10 0.11 0.12 0.15 0.19
0.01 0.02 0.03 0.04 0.06 0.08 0.09 0.10 0.11 0.12 0.16 0.18
0.01 0.02 0.03 0.04 0.06 0.08 0.09 0.10 0.11 0.13 0.14 0.19
0.01 0.02 0.03 0.04 0.06 0.08 0.09 0.10 0.11 0.13 0.15 0.18
0.01 0.02 0.03 0.04 0.06 0.08 0.09 0.10 0.11 0.13 0.16 0.17
0.01 0.02 0.03 0.04 0.06 0.08 0.09 0.10 0.11 0.14 0.15 0.17
0.01 0.02 0.03 0.04 0.06 0.08 0.09 0.10 0.12 0.13 0.14 0.18
0.01 0.02 0.03 0.04 0.06 0.08 0.09 0.10 0.12 0.13 0.15 0.17
0.01 0.02 0.03 0.04 0.06 0.08 0.09 0.10 0.12 0.14 0.15 0.16
0.01 0.02 0.03 0.04 0.06 0.08 0.09 0.11 0.12 0.13 0.14 0.17
0.01 0.02 0.03 0.04 0.06 0.08 0.09 0.11 0.12 0.13 0.15 0.16
0.01 0.02 0.03 0.04 0.06 0.08 0.10 0.11 0.12 0.13 0.14 0.16
0.01 0.02 0.03 0.04 0.06 0.09 0.10 0.11 0.12 0.13 0.14 0.15
0.01 0.02 0.03 0.04 0.07 0.08 0.09 0.10 0.11 0.12 0.13 0.20
0.01 0.02 0.03 0.04 0.07 0.08 0.09 0.10 0.11 0.12 0.14 0.19
0.01 0.02 0.03 0.04 0.07 0.08 0.09 0.10 0.11 0.12 0.15 0.18
0.01 0.02 0.03 0.04 0.07 0.08 0.09 0.10 0.11 0.12 0.16 0.17
0.01 0.02 0.03 0.04 0.07 0.08 0.09 0.10 0.11 0.13 0.14 0.18
0.01 0.02 0.03 0.04 0.07 0.08 0.09 0.10 0.11 0.13 0.15 0.17
0.01 0.02 0.03 0.04 0.07 0.08 0.09 0.10 0.11 0.14 0.15 0.16
0.01 0.02 0.03 0.04 0.07 0.08 0.09 0.10 0.12 0.13 0.14 0.17
0.01 0.02 0.03 0.04 0.07 0.08 0.09 0.10 0.12 0.13 0.15 0.16
0.01 0.02 0.03 0.04 0.07 0.08 0.09 0.11 0.12 0.13 0.14 0.16
0.01 0.02 0.03 0.04 0.07 0.08 0.10 0.11 0.12 0.13 0.14 0.15
0.01 0.02 0.03 0.05 0.06 0.07 0.08 0.09 0.10 0.11 0.12 0.26
0.01 0.02 0.03 0.05 0.06 0.07 0.08 0.09 0.10 0.11 0.13 0.25
0.01 0.02 0.03 0.05 0.06 0.07 0.08 0.09 0.10 0.11 0.14 0.24
0.01 0.02 0.03 0.05 0.06 0.07 0.08 0.09 0.10 0.11 0.15 0.23
0.01 0.02 0.03 0.05 0.06 0.07 0.08 0.09 0.10 0.11 0.16 0.22
0.01 0.02 0.03 0.05 0.06 0.07 0.08 0.09 0.10 0.11 0.17 0.21
0.01 0.02 0.03 0.05 0.06 0.07 0.08 0.09 0.10 0.11 0.18 0.20
0.01 0.02 0.03 0.05 0.06 0.07 0.08 0.09 0.10 0.12 0.13 0.24
0.01 0.02 0.03 0.05 0.06 0.07 0.08 0.09 0.10 0.12 0.14 0.23
0.01 0.02 0.03 0.05 0.06 0.07 0.08 0.09 0.10 0.12 0.15 0.22
0.01 0.02 0.03 0.05 0.06 0.07 0.08 0.09 0.10 0.12 0.16 0.21
0.01 0.02 0.03 0.05 0.06 0.07 0.08 0.09 0.10 0.12 0.17 0.20
0.01 0.02 0.03 0.05 0.06 0.07 0.08 0.09 0.10 0.12 0.18 0.19
0.01 0.02 0.03 0.05 0.06 0.07 0.08 0.09 0.10 0.13 0.14 0.22
0.01 0.02 0.03 0.05 0.06 0.07 0.08 0.09 0.10 0.13 0.15 0.21
0.01 0.02 0.03 0.05 0.06 0.07 0.08 0.09 0.10 0.13 0.16 0.20
0.01 0.02 0.03 0.05 0.06 0.07 0.08 0.09 0.10 0.13 0.17 0.19
0.01 0.02 0.03 0.05 0.06 0.07 0.08 0.09 0.10 0.14 0.15 0.20
0.01 0.02 0.03 0.05 0.06 0.07 0.08 0.09 0.10 0.14 0.16 0.19
0.01 0.02 0.03 0.05 0.06 0.07 0.08 0.09 0.10 0.14 0.17 0.18
0.01 0.02 0.03 0.05 0.06 0.07 0.08 0.09 0.10 0.15 0.16 0.18
0.01 0.02 0.03 0.05 0.06 0.07 0.08 0.09 0.11 0.12 0.13 0.23
0.01 0.02 0.03 0.05 0.06 0.07 0.08 0.09 0.11 0.12 0.14 0.22
0.01 0.02 0.03 0.05 0.06 0.07 0.08 0.09 0.11 0.12 0.15 0.21
0.01 0.02 0.03 0.05 0.06 0.07 0.08 0.09 0.11 0.12 0.16 0.20
0.01 0.02 0.03 0.05 0.06 0.07 0.08 0.09 0.11 0.12 0.17 0.19
0.01 0.02 0.03 0.05 0.06 0.07 0.08 0.09 0.11 0.13 0.14 0.21
0.01 0.02 0.03 0.05 0.06 0.07 0.08 0.09 0.11 0.13 0.15 0.20
0.01 0.02 0.03 0.05 0.06 0.07 0.08 0.09 0.11 0.13 0.16 0.19
0.01 0.02 0.03 0.05 0.06 0.07 0.08 0.09 0.11 0.13 0.17 0.18
0.01 0.02 0.03 0.05 0.06 0.07 0.08 0.09 0.11 0.14 0.15 0.19
0.01 0.02 0.03 0.05 0.06 0.07 0.08 0.09 0.11 0.14 0.16 0.18
0.01 0.02 0.03 0.05 0.06 0.07 0.08 0.09 0.11 0.15 0.16 0.17
0.01 0.02 0.03 0.05 0.06 0.07 0.08 0.09 0.12 0.13 0.14 0.20
0.01 0.02 0.03 0.05 0.06 0.07 0.08 0.09 0.12 0.13 0.15 0.19
0.01 0.02 0.03 0.05 0.06 0.07 0.08 0.09 0.12 0.13 0.16 0.18
0.01 0.02 0.03 0.05 0.06 0.07 0.08 0.09 0.12 0.14 0.15 0.18
0.01 0.02 0.03 0.05 0.06 0.07 0.08 0.09 0.12 0.14 0.16 0.17
0.01 0.02 0.03 0.05 0.06 0.07 0.08 0.09 0.13 0.14 0.15 0.17
0.01 0.02 0.03 0.05 0.06 0.07 0.08 0.10 0.11 0.12 0.13 0.22
0.01 0.02 0.03 0.05 0.06 0.07 0.08 0.10 0.11 0.12 0.14 0.21
0.01 0.02 0.03 0.05 0.06 0.07 0.08 0.10 0.11 0.12 0.15 0.20
0.01 0.02 0.03 0.05 0.06 0.07 0.08 0.10 0.11 0.12 0.16 0.19
0.01 0.02 0.03 0.05 0.06 0.07 0.08 0.10 0.11 0.12 0.17 0.18
0.01 0.02 0.03 0.05 0.06 0.07 0.08 0.10 0.11 0.13 0.14 0.20
0.01 0.02 0.03 0.05 0.06 0.07 0.08 0.10 0.11 0.13 0.15 0.19
0.01 0.02 0.03 0.05 0.06 0.07 0.08 0.10 0.11 0.13 0.16 0.18
0.01 0.02 0.03 0.05 0.06 0.07 0.08 0.10 0.11 0.14 0.15 0.18
0.01 0.02 0.03 0.05 0.06 0.07 0.08 0.10 0.11 0.14 0.16 0.17
0.01 0.02 0.03 0.05 0.06 0.07 0.08 0.10 0.12 0.13 0.14 0.19
0.01 0.02 0.03 0.05 0.06 0.07 0.08 0.10 0.12 0.13 0.15 0.18
0.01 0.02 0.03 0.05 0.06 0.07 0.08 0.10 0.12 0.13 0.16 0.17
0.01 0.02 0.03 0.05 0.06 0.07 0.08 0.10 0.12 0.14 0.15 0.17
0.01 0.02 0.03 0.05 0.06 0.07 0.08 0.10 0.13 0.14 0.15 0.16
0.01 0.02 0.03 0.05 0.06 0.07 0.08 0.11 0.12 0.13 0.14 0.18
0.01 0.02 0.03 0.05 0.06 0.07 0.08 0.11 0.12 0.13 0.15 0.17
0.01 0.02 0.03 0.05 0.06 0.07 0.08 0.11 0.12 0.14 0.15 0.16
0.01 0.02 0.03 0.05 0.06 0.07 0.09 0.10 0.11 0.12 0.13 0.21
0.01 0.02 0.03 0.05 0.06 0.07 0.09 0.10 0.11 0.12 0.14 0.20
0.01 0.02 0.03 0.05 0.06 0.07 0.09 0.10 0.11 0.12 0.15 0.19
0.01 0.02 0.03 0.05 0.06 0.07 0.09 0.10 0.11 0.12 0.16 0.18
0.01 0.02 0.03 0.05 0.06 0.07 0.09 0.10 0.11 0.13 0.14 0.19
0.01 0.02 0.03 0.05 0.06 0.07 0.09 0.10 0.11 0.13 0.15 0.18
0.01 0.02 0.03 0.05 0.06 0.07 0.09 0.10 0.11 0.13 0.16 0.17
0.01 0.02 0.03 0.05 0.06 0.07 0.09 0.10 0.11 0.14 0.15 0.17
0.01 0.02 0.03 0.05 0.06 0.07 0.09 0.10 0.12 0.13 0.14 0.18
0.01 0.02 0.03 0.05 0.06 0.07 0.09 0.10 0.12 0.13 0.15 0.17
0.01 0.02 0.03 0.05 0.06 0.07 0.09 0.10 0.12 0.14 0.15 0.16
0.01 0.02 0.03 0.05 0.06 0.07 0.09 0.11 0.12 0.13 0.14 0.17
0.01 0.02 0.03 0.05 0.06 0.07 0.09 0.11 0.12 0.13 0.15 0.16
0.01 0.02 0.03 0.05 0.06 0.07 0.10 0.11 0.12 0.13 0.14 0.16
0.01 0.02 0.03 0.05 0.06 0.08 0.09 0.10 0.11 0.12 0.13 0.20
0.01 0.02 0.03 0.05 0.06 0.08 0.09 0.10 0.11 0.12 0.14 0.19
0.01 0.02 0.03 0.05 0.06 0.08 0.09 0.10 0.11 0.12 0.15 0.18
0.01 0.02 0.03 0.05 0.06 0.08 0.09 0.10 0.11 0.12 0.16 0.17
0.01 0.02 0.03 0.05 0.06 0.08 0.09 0.10 0.11 0.13 0.14 0.18
0.01 0.02 0.03 0.05 0.06 0.08 0.09 0.10 0.11 0.13 0.15 0.17
0.01 0.02 0.03 0.05 0.06 0.08 0.09 0.10 0.11 0.14 0.15 0.16
0.01 0.02 0.03 0.05 0.06 0.08 0.09 0.10 0.12 0.13 0.14 0.17
0.01 0.02 0.03 0.05 0.06 0.08 0.09 0.10 0.12 0.13 0.15 0.16
0.01 0.02 0.03 0.05 0.06 0.08 0.09 0.11 0.12 0.13 0.14 0.16
0.01 0.02 0.03 0.05 0.06 0.08 0.10 0.11 0.12 0.13 0.14 0.15
0.01 0.02 0.03 0.05 0.07 0.08 0.09 0.10 0.11 0.12 0.13 0.19
0.01 0.02 0.03 0.05 0.07 0.08 0.09 0.10 0.11 0.12 0.14 0.18
0.01 0.02 0.03 0.05 0.07 0.08 0.09 0.10 0.11 0.12 0.15 0.17
0.01 0.02 0.03 0.05 0.07 0.08 0.09 0.10 0.11 0.13 0.14 0.17
0.01 0.02 0.03 0.05 0.07 0.08 0.09 0.10 0.11 0.13 0.15 0.16
0.01 0.02 0.03 0.05 0.07 0.08 0.09 0.10 0.12 0.13 0.14 0.16
0.01 0.02 0.03 0.05 0.07 0.08 0.09 0.11 0.12 0.13 0.14 0.15
0.01 0.02 0.03 0.06 0.07 0.08 0.09 0.10 0.11 0.12 0.13 0.18
0.01 0.02 0.03 0.06 0.07 0.08 0.09 0.10 0.11 0.12 0.14 0.17
0.01 0.02 0.03 0.06 0.07 0.08 0.09 0.10 0.11 0.12 0.15 0.16
0.01 0.02 0.03 0.06 0.07 0.08 0.09 0.10 0.11 0.13 0.14 0.16
0.01 0.02 0.03 0.06 0.07 0.08 0.09 0.10 0.12 0.13 0.14 0.15
0.01 0.02 0.04 0.05 0.06 0.07 0.08 0.09 0.10 0.11 0.12 0.25
0.01 0.02 0.04 0.05 0.06 0.07 0.08 0.09 0.10 0.11 0.13 0.24
0.01 0.02 0.04 0.05 0.06 0.07 0.08 0.09 0.10 0.11 0.14 0.23
0.01 0.02 0.04 0.05 0.06 0.07 0.08 0.09 0.10 0.11 0.15 0.22
0.01 0.02 0.04 0.05 0.06 0.07 0.08 0.09 0.10 0.11 0.16 0.21
0.01 0.02 0.04 0.05 0.06 0.07 0.08 0.09 0.10 0.11 0.17 0.20
0.01 0.02 0.04 0.05 0.06 0.07 0.08 0.09 0.10 0.11 0.18 0.19
0.01 0.02 0.04 0.05 0.06 0.07 0.08 0.09 0.10 0.12 0.13 0.23
0.01 0.02 0.04 0.05 0.06 0.07 0.08 0.09 0.10 0.12 0.14 0.22
0.01 0.02 0.04 0.05 0.06 0.07 0.08 0.09 0.10 0.12 0.15 0.21
0.01 0.02 0.04 0.05 0.06 0.07 0.08 0.09 0.10 0.12 0.16 0.20
0.01 0.02 0.04 0.05 0.06 0.07 0.08 0.09 0.10 0.12 0.17 0.19
0.01 0.02 0.04 0.05 0.06 0.07 0.08 0.09 0.10 0.13 0.14 0.21
0.01 0.02 0.04 0.05 0.06 0.07 0.08 0.09 0.10 0.13 0.15 0.20
0.01 0.02 0.04 0.05 0.06 0.07 0.08 0.09 0.10 0.13 0.16 0.19
0.01 0.02 0.04 0.05 0.06 0.07 0.08 0.09 0.10 0.13 0.17 0.18
0.01 0.02 0.04 0.05 0.06 0.07 0.08 0.09 0.10 0.14 0.15 0.19
0.01 0.02 0.04 0.05 0.06 0.07 0.08 0.09 0.10 0.14 0.16 0.18
0.01 0.02 0.04 0.05 0.06 0.07 0.08 0.09 0.10 0.15 0.16 0.17
0.01 0.02 0.04 0.05 0.06 0.07 0.08 0.09 0.11 0.12 0.13 0.22
0.01 0.02 0.04 0.05 0.06 0.07 0.08 0.09 0.11 0.12 0.14 0.21
0.01 0.02 0.04 0.05 0.06 0.07 0.08 0.09 0.11 0.12 0.15 0.20
0.01 0.02 0.04 0.05 0.06 0.07 0.08 0.09 0.11 0.12 0.16 0.19
0.01 0.02 0.04 0.05 0.06 0.07 0.08 0.09 0.11 0.12 0.17 0.18
0.01 0.02 0.04 0.05 0.06 0.07 0.08 0.09 0.11 0.13 0.14 0.20
0.01 0.02 0.04 0.05 0.06 0.07 0.08 0.09 0.11 0.13 0.15 0.19
0.01 0.02 0.04 0.05 0.06 0.07 0.08 0.09 0.11 0.13 0.16 0.18
0.01 0.02 0.04 0.05 0.06 0.07 0.08 0.09 0.11 0.14 0.15 0.18
0.01 0.02 0.04 0.05 0.06 0.07 0.08 0.09 0.11 0.14 0.16 0.17
0.01 0.02 0.04 0.05 0.06 0.07 0.08 0.09 0.12 0.13 0.14 0.19
0.01 0.02 0.04 0.05 0.06 0.07 0.08 0.09 0.12 0.13 0.15 0.18
0.01 0.02 0.04 0.05 0.06 0.07 0.08 0.09 0.12 0.13 0.16 0.17
0.01 0.02 0.04 0.05 0.06 0.07 0.08 0.09 0.12 0.14 0.15 0.17
0.01 0.02 0.04 0.05 0.06 0.07 0.08 0.09 0.13 0.14 0.15 0.16
0.01 0.02 0.04 0.05 0.06 0.07 0.08 0.10 0.11 0.12 0.13 0.21
0.01 0.02 0.04 0.05 0.06 0.07 0.08 0.10 0.11 0.12 0.14 0.20
0.01 0.02 0.04 0.05 0.06 0.07 0.08 0.10 0.11 0.12 0.15 0.19
0.01 0.02 0.04 0.05 0.06 0.07 0.08 0.10 0.11 0.12 0.16 0.18
0.01 0.02 0.04 0.05 0.06 0.07 0.08 0.10 0.11 0.13 0.14 0.19
0.01 0.02 0.04 0.05 0.06 0.07 0.08 0.10 0.11 0.13 0.15 0.18
0.01 0.02 0.04 0.05 0.06 0.07 0.08 0.10 0.11 0.13 0.16 0.17
0.01 0.02 0.04 0.05 0.06 0.07 0.08 0.10 0.11 0.14 0.15 0.17
0.01 0.02 0.04 0.05 0.06 0.07 0.08 0.10 0.12 0.13 0.14 0.18
0.01 0.02 0.04 0.05 0.06 0.07 0.08 0.10 0.12 0.13 0.15 0.17
0.01 0.02 0.04 0.05 0.06 0.07 0.08 0.10 0.12 0.14 0.15 0.16
0.01 0.02 0.04 0.05 0.06 0.07 0.08 0.11 0.12 0.13 0.14 0.17
0.01 0.02 0.04 0.05 0.06 0.07 0.08 0.11 0.12 0.13 0.15 0.16
0.01 0.02 0.04 0.05 0.06 0.07 0.09 0.10 0.11 0.12 0.13 0.20
0.01 0.02 0.04 0.05 0.06 0.07 0.09 0.10 0.11 0.12 0.14 0.19
0.01 0.02 0.04 0.05 0.06 0.07 0.09 0.10 0.11 0.12 0.15 0.18
0.01 0.02 0.04 0.05 0.06 0.07 0.09 0.10 0.11 0.12 0.16 0.17
0.01 0.02 0.04 0.05 0.06 0.07 0.09 0.10 0.11 0.13 0.14 0.18
0.01 0.02 0.04 0.05 0.06 0.07 0.09 0.10 0.11 0.13 0.15 0.17
0.01 0.02 0.04 0.05 0.06 0.07 0.09 0.10 0.11 0.14 0.15 0.16
0.01 0.02 0.04 0.05 0.06 0.07 0.09 0.10 0.12 0.13 0.14 0.17
0.01 0.02 0.04 0.05 0.06 0.07 0.09 0.10 0.12 0.13 0.15 0.16
0.01 0.02 0.04 0.05 0.06 0.07 0.09 0.11 0.12 0.13 0.14 0.16
0.01 0.02 0.04 0.05 0.06 0.07 0.10 0.11 0.12 0.13 0.14 0.15
0.01 0.02 0.04 0.05 0.06 0.08 0.09 0.10 0.11 0.12 0.13 0.19
0.01 0.02 0.04 0.05 0.06 0.08 0.09 0.10 0.11 0.12 0.14 0.18
0.01 0.02 0.04 0.05 0.06 0.08 0.09 0.10 0.11 0.12 0.15 0.17
0.01 0.02 0.04 0.05 0.06 0.08 0.09 0.10 0.11 0.13 0.14 0.17
0.01 0.02 0.04 0.05 0.06 0.08 0.09 0.10 0.11 0.13 0.15 0.16
0.01 0.02 0.04 0.05 0.06 0.08 0.09 0.10 0.12 0.13 0.14 0.16
0.01 0.02 0.04 0.05 0.06 0.08 0.09 0.11 0.12 0.13 0.14 0.15
0.01 0.02 0.04 0.05 0.07 0.08 0.09 0.10 0.11 0.12 0.13 0.18
0.01 0.02 0.04 0.05 0.07 0.08 0.09 0.10 0.11 0.12 0.14 0.17
0.01 0.02 0.04 0.05 0.07 0.08 0.09 0.10 0.11 0.12 0.15 0.16
0.01 0.02 0.04 0.05 0.07 0.08 0.09 0.10 0.11 0.13 0.14 0.16
0.01 0.02 0.04 0.05 0.07 0.08 0.09 0.10 0.12 0.13 0.14 0.15
0.01 0.02 0.04 0.06 0.07 0.08 0.09 0.10 0.11 0.12 0.13 0.17
0.01 0.02 0.04 0.06 0.07 0.08 0.09 0.10 0.11 0.12 0.14 0.16
0.01 0.02 0.04 0.06 0.07 0.08 0.09 0.10 0.11 0.13 0.14 0.15
0.01 0.02 0.05 0.06 0.07 0.08 0.09 0.10 0.11 0.12 0.13 0.16
0.01 0.02 0.05 0.06 0.07 0.08 0.09 0.10 0.11 0.12 0.14 0.15
0.01 0.03 0.04 0.05 0.06 0.07 0.08 0.09 0.10 0.11 0.12 0.24
0.01 0.03 0.04 0.05 0.06 0.07 0.08 0.09 0.10 0.11 0.13 0.23
0.01 0.03 0.04 0.05 0.06 0.07 0.08 0.09 0.10 0.11 0.14 0.22
0.01 0.03 0.04 0.05 0.06 0.07 0.08 0.09 0.10 0.11 0.15 0.21
0.01 0.03 0.04 0.05 0.06 0.07 0.08 0.09 0.10 0.11 0.16 0.20
0.01 0.03 0.04 0.05 0.06 0.07 0.08 0.09 0.10 0.11 0.17 0.19
0.01 0.03 0.04 0.05 0.06 0.07 0.08 0.09 0.10 0.12 0.13 0.22
0.01 0.03 0.04 0.05 0.06 0.07 0.08 0.09 0.10 0.12 0.14 0.21
0.01 0.03 0.04 0.05 0.06 0.07 0.08 0.09 0.10 0.12 0.15 0.20
0.01 0.03 0.04 0.05 0.06 0.07 0.08 0.09 0.10 0.12 0.16 0.19
0.01 0.03 0.04 0.05 0.06 0.07 0.08 0.09 0.10 0.12 0.17 0.18
0.01 0.03 0.04 0.05 0.06 0.07 0.08 0.09 0.10 0.13 0.14 0.20
0.01 0.03 0.04 0.05 0.06 0.07 0.08 0.09 0.10 0.13 0.15 0.19
0.01 0.03 0.04 0.05 0.06 0.07 0.08 0.09 0.10 0.13 0.16 0.18
0.01 0.03 0.04 0.05 0.06 0.07 0.08 0.09 0.10 0.14 0.15 0.18
0.01 0.03 0.04 0.05 0.06 0.07 0.08 0.09 0.10 0.14 0.16 0.17
0.01 0.03 0.04 0.05 0.06 0.07 0.08 0.09 0.11 0.12 0.13 0.21
0.01 0.03 0.04 0.05 0.06 0.07 0.08 0.09 0.11 0.12 0.14 0.20
0.01 0.03 0.04 0.05 0.06 0.07 0.08 0.09 0.11 0.12 0.15 0.19
0.01 0.03 0.04 0.05 0.06 0.07 0.08 0.09 0.11 0.12 0.16 0.18
0.01 0.03 0.04 0.05 0.06 0.07 0.08 0.09 0.11 0.13 0.14 0.19
0.01 0.03 0.04 0.05 0.06 0.07 0.08 0.09 0.11 0.13 0.15 0.18
0.01 0.03 0.04 0.05 0.06 0.07 0.08 0.09 0.11 0.13 0.16 0.17
0.01 0.03 0.04 0.05 0.06 0.07 0.08 0.09 0.11 0.14 0.15 0.17
0.01 0.03 0.04 0.05 0.06 0.07 0.08 0.09 0.12 0.13 0.14 0.18
0.01 0.03 0.04 0.05 0.06 0.07 0.08 0.09 0.12 0.13 0.15 0.17
0.01 0.03 0.04 0.05 0.06 0.07 0.08 0.09 0.12 0.14 0.15 0.16
0.01 0.03 0.04 0.05 0.06 0.07 0.08 0.10 0.11 0.12 0.13 0.20
0.01 0.03 0.04 0.05 0.06 0.07 0.08 0.10 0.11 0.12 0.14 0.19
0.01 0.03 0.04 0.05 0.06 0.07 0.08 0.10 0.11 0.12 0.15 0.18
0.01 0.03 0.04 0.05 0.06 0.07 0.08 0.10 0.11 0.12 0.16 0.17
0.01 0.03 0.04 0.05 0.06 0.07 0.08 0.10 0.11 0.13 0.14 0.18
0.01 0.03 0.04 0.05 0.06 0.07 0.08 0.10 0.11 0.13 0.15 0.17
0.01 0.03 0.04 0.05 0.06 0.07 0.08 0.10 0.11 0.14 0.15 0.16
0.01 0.03 0.04 0.05 0.06 0.07 0.08 0.10 0.12 0.13 0.14 0.17
0.01 0.03 0.04 0.05 0.06 0.07 0.08 0.10 0.12 0.13 0.15 0.16
0.01 0.03 0.04 0.05 0.06 0.07 0.08 0.11 0.12 0.13 0.14 0.16
0.01 0.03 0.04 0.05 0.06 0.07 0.09 0.10 0.11 0.12 0.13 0.19
0.01 0.03 0.04 0.05 0.06 0.07 0.09 0.10 0.11 0.12 0.14 0.18
0.01 0.03 0.04 0.05 0.06 0.07 0.09 0.10 0.11 0.12 0.15 0.17
0.01 0.03 0.04 0.05 0.06 0.07 0.09 0.10 0.11 0.13 0.14 0.17
0.01 0.03 0.04 0.05 0.06 0.07 0.09 0.10 0.11 0.13 0.15 0.16
0.01 0.03 0.04 0.05 0.06 0.07 0.09 0.10 0.12 0.13 0.14 0.16
0.01 0.03 0.04 0.05 0.06 0.07 0.09 0.11 0.12 0.13 0.14 0.15
0.01 0.03 0.04 0.05 0.06 0.08 0.09 0.10 0.11 0.12 0.13 0.18
0.01 0.03 0.04 0.05 0.06 0.08 0.09 0.10 0.11 0.12 0.14 0.17
0.01 0.03 0.04 0.05 0.06 0.08 0.09 0.10 0.11 0.12 0.15 0.16
0.01 0.03 0.04 0.05 0.06 0.08 0.09 0.10 0.11 0.13 0.14 0.16
0.01 0.03 0.04 0.05 0.06 0.08 0.09 0.10 0.12 0.13 0.14 0.15
0.01 0.03 0.04 0.05 0.07 0.08 0.09 0.10 0.11 0.12 0.13 0.17
0.01 0.03 0.04 0.05 0.07 0.08 0.09 0.10 0.11 0.12 0.14 0.16
0.01 0.03 0.04 0.05 0.07 0.08 0.09 0.10 0.11 0.13 0.14 0.15
0.01 0.03 0.04 0.06 0.07 0.08 0.09 0.10 0.11 0.12 0.13 0.16
0.01 0.03 0.04 0.06 0.07 0.08 0.09 0.10 0.11 0.12 0.14 0.15
0.01 0.03 0.05 0.06 0.07 0.08 0.09 0.10 0.11 0.12 0.13 0.15
0.01 0.04 0.05 0.06 0.07 0.08 0.09 0.10 0.11 0.12 0.13 0.14
0.02 0.03 0.04 0.05 0.06 0.07 0.08 0.09 0.10 0.11 0.12 0.23
0.02 0.03 0.04 0.05 0.06 0.07 0.08 0.09 0.10 0.11 0.13 0.22
0.02 0.03 0.04 0.05 0.06 0.07 0.08 0.09 0.10 0.11 0.14 0.21
0.02 0.03 0.04 0.05 0.06 0.07 0.08 0.09 0.10 0.11 0.15 0.20
0.02 0.03 0.04 0.05 0.06 0.07 0.08 0.09 0.10 0.11 0.16 0.19
0.02 0.03 0.04 0.05 0.06 0.07 0.08 0.09 0.10 0.11 0.17 0.18
0.02 0.03 0.04 0.05 0.06 0.07 0.08 0.09 0.10 0.12 0.13 0.21
0.02 0.03 0.04 0.05 0.06 0.07 0.08 0.09 0.10 0.12 0.14 0.20
0.02 0.03 0.04 0.05 0.06 0.07 0.08 0.09 0.10 0.12 0.15 0.19
0.02 0.03 0.04 0.05 0.06 0.07 0.08 0.09 0.10 0.12 0.16 0.18
0.02 0.03 0.04 0.05 0.06 0.07 0.08 0.09 0.10 0.13 0.14 0.19
0.02 0.03 0.04 0.05 0.06 0.07 0.08 0.09 0.10 0.13 0.15 0.18
0.02 0.03 0.04 0.05 0.06 0.07 0.08 0.09 0.10 0.13 0.16 0.17
0.02 0.03 0.04 0.05 0.06 0.07 0.08 0.09 0.10 0.14 0.15 0.17
0.02 0.03 0.04 0.05 0.06 0.07 0.08 0.09 0.11 0.12 0.13 0.20
0.02 0.03 0.04 0.05 0.06 0.07 0.08 0.09 0.11 0.12 0.14 0.19
0.02 0.03 0.04 0.05 0.06 0.07 0.08 0.09 0.11 0.12 0.15 0.18
0.02 0.03 0.04 0.05 0.06 0.07 0.08 0.09 0.11 0.12 0.16 0.17
0.02 0.03 0.04 0.05 0.06 0.07 0.08 0.09 0.11 0.13 0.14 0.18
0.02 0.03 0.04 0.05 0.06 0.07 0.08 0.09 0.11 0.13 0.15 0.17
0.02 0.03 0.04 0.05 0.06 0.07 0.08 0.09 0.11 0.14 0.15 0.16
0.02 0.03 0.04 0.05 0.06 0.07 0.08 0.09 0.12 0.13 0.14 0.17
0.02 0.03 0.04 0.05 0.06 0.07 0.08 0.09 0.12 0.13 0.15 0.16
0.02 0.03 0.04 0.05 0.06 0.07 0.08 0.10 0.11 0.12 0.13 0.19
0.02 0.03 0.04 0.05 0.06 0.07 0.08 0.10 0.11 0.12 0.14 0.18
0.02 0.03 0.04 0.05 0.06 0.07 0.08 0.10 0.11 0.12 0.15 0.17
0.02 0.03 0.04 0.05 0.06 0.07 0.08 0.10 0.11 0.13 0.14 0.17
0.02 0.03 0.04 0.05 0.06 0.07 0.08 0.10 0.11 0.13 0.15 0.16
0.02 0.03 0.04 0.05 0.06 0.07 0.08 0.10 0.12 0.13 0.14 0.16
0.02 0.03 0.04 0.05 0.06 0.07 0.08 0.11 0.12 0.13 0.14 0.15
0.02 0.03 0.04 0.05 0.06 0.07 0.09 0.10 0.11 0.12 0.13 0.18
0.02 0.03 0.04 0.05 0.06 0.07 0.09 0.10 0.11 0.12 0.14 0.17
0.02 0.03 0.04 0.05 0.06 0.07 0.09 0.10 0.11 0.12 0.15 0.16
0.02 0.03 0.04 0.05 0.06 0.07 0.09 0.10 0.11 0.13 0.14 0.16
0.02 0.03 0.04 0.05 0.06 0.07 0.09 0.10 0.12 0.13 0.14 0.15
0.02 0.03 0.04 0.05 0.06 0.08 0.09 0.10 0.11 0.12 0.13 0.17
0.02 0.03 0.04 0.05 0.06 0.08 0.09 0.10 0.11 0.12 0.14 0.16
0.02 0.03 0.04 0.05 0.06 0.08 0.09 0.10 0.11 0.13 0.14 0.15
0.02 0.03 0.04 0.05 0.07 0.08 0.09 0.10 0.11 0.12 0.13 0.16
0.02 0.03 0.04 0.05 0.07 0.08 0.09 0.10 0.11 0.12 0.14 0.15
0.02 0.03 0.04 0.06 0.07 0.08 0.09 0.10 0.11 0.12 0.13 0.15
0.02 0.03 0.05 0.06 0.07 0.08 0.09 0.10 0.11 0.12 0.13 0.14
